9.468608170741241725e-01,6.339703405520411561e-01,3.519038053706628477e-01,5.294226371180753565e-01,5.430690696220159541e-01,6.281894493901414300e-01
6.339703405520411561e-01,5.385657387577927890e-01,6.426039412385503580e-01,4.797249217946164546e-01,6.814237753289744681e-01,3.446239734967416757e-01
3.519038053706628477e-01,6.426039412385503580e-01,7.540780111691860466e-01,6.846824343878677999e-01,3.248841040386660217e-01,2.442719596709834184e-01
5.294226371180753565e-01,4.797249217946164546e-01,6.846824343878677999e-01,1.180772101752458614e-01,3.713431531864465618e-01,8.676623349937817586e-01
5.430690696220159541e-01,6.814237753289744681e-01,3.248841040386660217e-01,3.713431531864465618e-01,2.206121573374689726e-01,3.494781324687430413e-01
6.281894493901414300e-01,3.446239734967416757e-01,2.442719596709834184e-01,8.676623349937817586e-01,3.494781324687430413e-01,4.454713157337556462e-01
