4.575419197291262785e-01,5.654491181448069170e-01,9.230399414320030749e-01,3.205500714955652475e-01,6.083888813944990925e-01,4.849081732126068189e-01
5.654491181448069170e-01,8.666119241875713808e-02,5.143079955505098777e-01,6.682598287523486835e-01,3.141988249724207427e-01,1.659371609180579354e-01
9.230399414320030749e-01,5.143079955505098777e-01,2.344790731535101314e-01,2.242016319508886579e-01,4.078268834867106452e-01,2.437292756734583676e-01
3.205500714955652475e-01,6.682598287523486835e-01,2.242016319508886579e-01,9.596379279539324347e-01,3.972630873165368670e-01,6.767838286694711769e-01
6.083888813944990925e-01,3.141988249724207427e-01,4.078268834867106452e-01,3.972630873165368670e-01,5.983403049722411104e-01,5.355374696253605293e-01
4.849081732126068189e-01,1.659371609180579354e-01,2.437292756734583676e-01,6.767838286694711769e-01,5.355374696253605293e-01,5.486519899219435281e-01
