4.491534950984737984e-01,2.724894517914229208e-01,6.029411893309352122e-01,2.697904558165045708e-01,2.602207430185908832e-01,5.011555079955398728e-01,3.486991304332410779e-01
2.724894517914229208e-01,9.372881564352117945e-01,4.556156744143751158e-01,8.452866743254129345e-01,7.797861022762855310e-01,4.476124278089250175e-01,2.693096601258310741e-01
6.029411893309352122e-01,4.556156744143751158e-01,3.184977417922389975e-01,4.118878638469559705e-01,5.119566503907213573e-01,4.341009265770851000e-02,4.622694593339504165e-01
2.697904558165045708e-01,8.452866743254129345e-01,4.118878638469559705e-01,5.724971439426433939e-01,4.596385570530632236e-01,2.492053652723759671e-01,9.231208812420205190e-01
2.602207430185908832e-01,7.797861022762855310e-01,5.119566503907213573e-01,4.596385570530632236e-01,1.456830144921255066e-01,4.389405045256837279e-01,7.065008351924045860e-01
5.011555079955398728e-01,4.476124278089250175e-01,4.341009265770851000e-02,2.492053652723759671e-01,4.389405045256837279e-01,3.154054095667880864e-01,3.100826191226893624e-01
3.486991304332410779e-01,2.693096601258310741e-01,4.622694593339504165e-01,9.231208812420205190e-01,7.065008351924045860e-01,3.100826191226893624e-01,6.133195357756615618e-01
