4.145949013607147515e-01,6.774237383042798211e-01,8.894514213166868632e-01,6.906655850133320840e-01,3.772012163349480196e-01,7.203057853286738421e-01
6.774237383042798211e-01,6.499178982712904284e-01,3.825191653863708185e-01,2.409101292070507938e-01,1.613821514884054564e-01,4.244616328309774311e-01
8.894514213166868632e-01,3.825191653863708185e-01,8.935001261051357391e-01,6.170791031276738892e-01,3.165516596258358129e-01,3.579817540044852309e-01
6.906655850133320840e-01,2.409101292070507938e-01,6.170791031276738892e-01,9.302252972390919750e-01,7.866431528525481554e-01,4.646474557374930536e-01
3.772012163349480196e-01,1.613821514884054564e-01,3.165516596258358129e-01,7.866431528525481554e-01,5.637051575745423149e-01,4.446051760929939367e-01
7.203057853286738421e-01,4.244616328309774311e-01,3.579817540044852309e-01,4.646474557374930536e-01,4.446051760929939367e-01,4.540618434497489808e-02
