6.612872566527717710e-01,4.516022373422431957e-01,7.552919557554919061e-01,7.790349872321251645e-01,3.882106674633863941e-01,8.546006981033651417e-01
4.516022373422431957e-01,8.532507613407851466e-01,4.258852748269675303e-01,6.659185805321132801e-01,7.015547442510832177e-01,3.806317151893598427e-01
7.552919557554919061e-01,4.258852748269675303e-01,9.816256743963290843e-01,3.341603848820147160e-01,6.815299742828320184e-01,7.653259949518197436e-01
7.790349872321251645e-01,6.659185805321132801e-01,3.341603848820147160e-01,7.685982956513305320e-01,7.551020894114484072e-01,5.149140253416115698e-01
3.882106674633863941e-01,7.015547442510832177e-01,6.815299742828320184e-01,7.551020894114484072e-01,6.882612956628161305e-01,3.455211035807904674e-01
8.546006981033651417e-01,3.806317151893598427e-01,7.653259949518197436e-01,5.149140253416115698e-01,3.455211035807904674e-01,3.117008386992429214e-01
