5.133422400603439018e-01,7.209336871760410048e-01,6.833864831198259715e-01,5.363463310914684534e-01,5.358853500340081677e-01,6.666963310893961880e-01
7.209336871760410048e-01,8.667655114742037759e-01,6.704345924146588587e-01,5.476776592701313451e-01,4.474396179031805976e-01,5.200130450737535659e-01
6.833864831198259715e-01,6.704345924146588587e-01,3.748758008755486149e-01,1.118973944649949148e-01,3.074401635276083899e-01,2.332395227048751352e-01
5.363463310914684534e-01,5.476776592701313451e-01,1.118973944649949148e-01,6.512516035414767090e-01,5.193430017965374734e-01,4.274031985129857492e-01
5.358853500340081677e-01,4.474396179031805976e-01,3.074401635276083899e-01,5.193430017965374734e-01,2.943212680480697951e-01,9.845700661556979760e-01
6.666963310893961880e-01,5.200130450737535659e-01,2.332395227048751352e-01,4.274031985129857492e-01,9.845700661556979760e-01,6.752931122222227689e-01
