6.162061707384456355e-01,2.859887498051807420e-01,7.784587921261674204e-01,4.436193849775019182e-01,3.909584474340613847e-01,4.584574588168763842e-01,8.857603439272561108e-01
2.859887498051807420e-01,4.002201878601674423e-03,7.441616859821031937e-02,4.531210632580444098e-01,4.914923633813472748e-01,6.386664563886088608e-01,7.822757840276549635e-01
7.784587921261674204e-01,7.441616859821031937e-02,7.699769743377160580e-01,5.731772846702669622e-01,3.261262458705593281e-01,3.813191020939185605e-01,1.810363300647628293e-01
4.436193849775019182e-01,4.531210632580444098e-01,5.731772846702669622e-01,4.650814354313882459e-01,2.496540853413747874e-01,1.396980987659924289e-01,7.478063116308006908e-01
3.909584474340613847e-01,4.914923633813472748e-01,3.261262458705593281e-01,2.496540853413747874e-01,1.465309958845791849e-01,8.427514051087712232e-01,5.518705622265241972e-01
4.584574588168763842e-01,6.386664563886088608e-01,3.813191020939185605e-01,1.396980987659924289e-01,8.427514051087712232e-01,2.564200584311422393e-01,6.189197425507122485e-01
8.857603439272561108e-01,7.822757840276549635e-01,1.810363300647628293e-01,7.478063116308006908e-01,5.518705622265241972e-01,6.189197425507122485e-01,2.430187709480347014e-01
