2.849384263242943360e-01,5.357677496028706576e-01,4.790288017194108683e-01,4.232915025574989776e-01,7.122969792175897208e-01,4.476565596882738363e-01
5.357677496028706576e-01,3.953102162425496946e-01,7.848089071358939073e-01,5.370983210987290146e-01,1.552481597973456307e-01,5.311678345039814175e-01
4.790288017194108683e-01,7.848089071358939073e-01,5.327523219196035331e-01,5.046728438877876588e-01,4.279431566687643129e-01,6.209174707469584664e-01
4.232915025574989776e-01,5.370983210987290146e-01,5.046728438877876588e-01,8.817315253269836228e-01,6.675182861842980930e-01,4.776577333069291220e-01
7.122969792175897208e-01,1.552481597973456307e-01,4.279431566687643129e-01,6.675182861842980930e-01,6.854459579221955368e-01,6.424381085529495827e-01
4.476565596882738363e-01,5.311678345039814175e-01,6.209174707469584664e-01,4.776577333069291220e-01,6.424381085529495827e-01,7.395533403316979504e-01
