5.798221429572533170e-01,2.601882110371647738e-01,4.730437898248255890e-01,4.786061971469215970e-01,4.658254915253338679e-01,3.800049621340274020e-01
2.601882110371647738e-01,4.796911397711112190e-02,6.762382410795739762e-01,7.926871987817218912e-01,8.216765984985257010e-01,4.819065392916417889e-01
4.730437898248255890e-01,6.762382410795739762e-01,5.407641110417212849e-01,5.211712997590812746e-01,7.073573596716369316e-01,1.379357390235451120e-01
4.786061971469215970e-01,7.926871987817218912e-01,5.211712997590812746e-01,7.246575249228421889e-01,5.870615520220759942e-01,5.335433910029785398e-01
4.658254915253338679e-01,8.216765984985257010e-01,7.073573596716369316e-01,5.870615520220759942e-01,8.689430659716840255e-01,2.338866994582361469e-01
3.800049621340274020e-01,4.819065392916417889e-01,1.379357390235451120e-01,5.335433910029785398e-01,2.338866994582361469e-01,7.123350285778360380e-01
