4.075738571200336890e-01,5.763541247137844437e-01,3.306723050476859660e-01,5.232066243011638251e-01,3.214453650677132068e-01,5.251048767678436757e-01,5.879902227243567481e-01
5.763541247137844437e-01,1.096775870880634107e-01,7.431689427866470243e-01,5.109753379843492427e-01,8.083006018831540018e-02,5.167331265305736832e-01,3.750177918161368140e-01
3.306723050476859660e-01,7.431689427866470243e-01,3.469481836504775263e-01,2.635138423442643929e-01,5.127995444570193628e-01,5.972928051776450475e-01,5.618195559203537082e-01
5.232066243011638251e-01,5.109753379843492427e-01,2.635138423442643929e-01,8.826215126124976607e-01,2.587131699422731690e-01,2.990161080629069601e-01,4.234219551178065033e-01
3.214453650677132068e-01,8.083006018831540018e-02,5.127995444570193628e-01,2.587131699422731690e-01,9.597472787134324612e-01,2.206237199285421280e-01,6.608297282027666419e-01
5.251048767678436757e-01,5.167331265305736832e-01,5.972928051776450475e-01,2.990161080629069601e-01,2.206237199285421280e-01,8.828708326784090454e-01,3.342780557053752211e-01
5.879902227243567481e-01,3.750177918161368140e-01,5.618195559203537082e-01,4.234219551178065033e-01,6.608297282027666419e-01,3.342780557053752211e-01,1.780185664431132020e-01
