4.098071073695549460e-01,5.890600688321466771e-01,3.620892031067168282e-01,8.455002315855907336e-01,3.186931263536261771e-01,3.889780150155111582e-01
5.890600688321466771e-01,4.294622785266876130e-01,6.763475586372906800e-01,4.951775908723698438e-01,4.202286726423264396e-01,1.834503757710799210e-01
3.620892031067168282e-01,6.763475586372906800e-01,3.434719736061115913e-01,8.307300470095753120e-01,6.195673378956196853e-01,6.082300640753846022e-01
8.455002315855907336e-01,4.951775908723698438e-01,8.307300470095753120e-01,9.436625436106940157e-01,6.870532032641096798e-01,1.752696975817343850e-01
3.186931263536261771e-01,4.202286726423264396e-01,6.195673378956196853e-01,6.870532032641096798e-01,1.756077753747196102e-01,5.674350375690184745e-01
3.889780150155111582e-01,1.834503757710799210e-01,6.082300640753846022e-01,1.752696975817343850e-01,5.674350375690184745e-01,4.452642229899396176e-01
