2.396032886712159415e-01,5.915792770271972589e-01,8.119099747453856208e-02,7.669147494846592084e-01,3.078306420205869642e-01,4.961317293592490407e-01
5.915792770271972589e-01,5.314754547632201120e-01,7.383708526630758939e-01,5.438953582875531989e-01,6.769530653633417661e-01,4.379439107860279567e-01
8.119099747453856208e-02,7.383708526630758939e-01,8.827611869061053884e-01,3.695765937532525802e-01,4.831407875424836851e-01,2.798797629940414367e-01
7.669147494846592084e-01,5.438953582875531989e-01,3.695765937532525802e-01,2.349953058997489297e-01,1.637793824506793561e-01,4.353440216724122069e-01
3.078306420205869642e-01,6.769530653633417661e-01,4.831407875424836851e-01,1.637793824506793561e-01,9.627029868630310183e-02,6.456642409727870735e-01
4.961317293592490407e-01,4.379439107860279567e-01,2.798797629940414367e-01,4.353440216724122069e-01,6.456642409727870735e-01,2.256908322915482934e-01
