1.072324054129125681e-02,4.332031870687543251e-01,5.083466331196222487e-01,4.518875708919540268e-01,5.160109968969041061e-01,4.262932673760863600e-01
4.332031870687543251e-01,7.077426608552958021e-01,5.264963009688858886e-01,6.527318702758690971e-01,6.153905548251371593e-01,6.489372213174984250e-01
5.083466331196222487e-01,5.264963009688858886e-01,1.315491556885080016e-01,6.196079493713844144e-01,4.388672496286319391e-01,3.086752942658270715e-01
4.518875708919540268e-01,6.527318702758690971e-01,6.196079493713844144e-01,6.616370464258194417e-01,3.861774272960259435e-01,7.581697060758647577e-01
5.160109968969041061e-01,6.153905548251371593e-01,4.388672496286319391e-01,3.861774272960259435e-01,5.640594635755766806e-01,3.703862959587168602e-01
4.262932673760863600e-01,6.489372213174984250e-01,3.086752942658270715e-01,7.581697060758647577e-01,3.703862959587168602e-01,5.210456387219815078e-01
