8.568520213855198575e-01,4.971695613846964790e-01,5.438572587353769361e-01,5.975929696900901256e-01,4.443523019155037890e-01,3.678015141080829276e-01,7.820207963547685104e-01
4.971695613846964790e-01,3.598070893300612250e-01,4.841021435894841685e-01,7.079628224886471699e-01,5.283484611219244620e-01,3.526259515460115623e-01,5.390943517585389255e-01
5.438572587353769361e-01,4.841021435894841685e-01,6.184665034615560719e-01,3.164653730863086212e-01,9.479737599748516708e-02,8.343656439677731296e-01,1.187558054252537687e-01
5.975929696900901256e-01,7.079628224886471699e-01,3.164653730863086212e-01,3.685729050894945846e-01,1.621179068699687975e-01,6.983332510308092322e-01,4.828729825248195828e-01
4.443523019155037890e-01,5.283484611219244620e-01,9.479737599748516708e-02,1.621179068699687975e-01,8.343144733688717674e-01,6.674149210602420279e-01,3.998135381757987328e-01
3.678015141080829276e-01,3.526259515460115623e-01,8.343656439677731296e-01,6.983332510308092322e-01,6.674149210602420279e-01,2.780448831615019989e-01,6.079248660161192808e-01
7.820207963547685104e-01,5.390943517585389255e-01,1.187558054252537687e-01,4.828729825248195828e-01,3.998135381757987328e-01,6.079248660161192808e-01,9.499115246750857722e-01
