9.292650161935943620e-01,4.281291366775816787e-01,4.823724535205278219e-01,4.097655837029027248e-01,4.027104326985406213e-01,7.497947845904611164e-01
4.281291366775816787e-01,6.261529719728862187e-01,5.311041775463708481e-01,1.001716669136749616e-01,6.072793347016014476e-01,4.602376469061061903e-01
4.823724535205278219e-01,5.311041775463708481e-01,9.392914359525416090e-01,4.489292905787651278e-01,5.357238647508359985e-01,6.836168058491061128e-01
4.097655837029027248e-01,1.001716669136749616e-01,4.489292905787651278e-01,6.404311527167310114e-01,3.762680353286296797e-01,3.763584056124557042e-01
4.027104326985406213e-01,6.072793347016014476e-01,5.357238647508359985e-01,3.762680353286296797e-01,4.878550398111357600e-01,2.772430892383869749e-01
7.497947845904611164e-01,4.602376469061061903e-01,6.836168058491061128e-01,3.763584056124557042e-01,2.772430892383869749e-01,5.470766024961039031e-01
