7.293807598821377969e-01,1.282919213761859467e-01,6.086750882433500376e-01,6.489971977521531432e-01,5.117950423924633174e-02,6.179761877910159296e-01
1.282919213761859467e-01,5.718894179310960446e-01,6.834626557218381748e-01,4.882028280089804051e-01,6.785356978212414569e-02,4.055329076088771134e-01
6.086750882433500376e-01,6.834626557218381748e-01,2.443241601210035530e-01,5.270401447269430495e-01,4.307534706183939743e-01,7.753871008684989352e-01
6.489971977521531432e-01,4.882028280089804051e-01,5.270401447269430495e-01,8.302309176435644922e-01,5.981691918411432551e-01,6.187690042818427827e-01
5.117950423924633174e-02,6.785356978212414569e-02,4.307534706183939743e-01,5.981691918411432551e-01,7.659975421454804367e-01,5.887314509323737788e-01
6.179761877910159296e-01,4.055329076088771134e-01,7.753871008684989352e-01,6.187690042818427827e-01,5.887314509323737788e-01,6.510771620936059989e-01
