3.557958795658948681e-01,2.850859465111604263e-01,5.639085535163379515e-01,5.470311880179165032e-01,3.887820663526206921e-01,6.612409275523082330e-01
2.850859465111604263e-01,4.873545422480627387e-01,7.038537303875496143e-01,6.751462964494572283e-01,8.102048308117246744e-01,1.272818924195042167e-01
5.639085535163379515e-01,7.038537303875496143e-01,9.788324232235757760e-01,3.953509393528247262e-01,4.474139840116632683e-01,4.966473955451197186e-01
5.470311880179165032e-01,6.751462964494572283e-01,3.953509393528247262e-01,9.673716471475932721e-01,7.781368295522610445e-01,3.504304839989748066e-01
3.887820663526206921e-01,8.102048308117246744e-01,4.474139840116632683e-01,7.781368295522610445e-01,4.062054285725770209e-01,6.175783106747408935e-01
6.612409275523082330e-01,1.272818924195042167e-01,4.966473955451197186e-01,3.504304839989748066e-01,6.175783106747408935e-01,3.736785909492277291e-01
