8.459466931744320517e-01,1.988598973037509765e-01,1.737141324885433380e-01,3.037888023290610251e-01,5.280087193162799064e-01,5.742516367189327564e-01
1.988598973037509765e-01,5.767548556840188523e-01,2.411827294567335245e-01,5.496136127757598189e-01,4.949753135710867613e-01,9.381862296494651865e-01
1.737141324885433380e-01,2.411827294567335245e-01,9.750129873532397129e-01,5.981449008804662348e-01,5.637587330103569494e-01,4.125802731999204664e-01
3.037888023290610251e-01,5.496136127757598189e-01,5.981449008804662348e-01,5.749301168919440652e-01,6.427129179287582872e-01,2.368950534114213635e-01
5.280087193162799064e-01,4.949753135710867613e-01,5.637587330103569494e-01,6.427129179287582872e-01,8.632660255098456581e-03,4.374961474975914144e-01
5.742516367189327564e-01,9.381862296494651865e-01,4.125802731999204664e-01,2.368950534114213635e-01,4.374961474975914144e-01,5.697249498704016757e-01
