1.712133963123857461e-01,6.546915247649129910e-01,5.519399097290680345e-01,1.915881162691068229e-01,5.918258604836319492e-01,6.915287013959556806e-01,6.015714452321349048e-01
6.546915247649129910e-01,6.854666289224530251e-01,5.961990258626064243e-01,6.398155962444134204e-01,8.245038502190125129e-01,7.121214861557043641e-01,3.796300325724636937e-01
5.519399097290680345e-01,5.961990258626064243e-01,8.862685481612767591e-01,1.151290016585604925e-01,4.546990989904247105e-01,5.659453548325714678e-01,4.748022823464411735e-01
1.915881162691068229e-01,6.398155962444134204e-01,1.151290016585604925e-01,4.027883879238590703e-01,8.705920743415437313e-01,5.453580600687442104e-01,7.249217135113823485e-01
5.918258604836319492e-01,8.245038502190125129e-01,4.546990989904247105e-01,8.705920743415437313e-01,2.026142298087025839e-01,2.024640161778696323e-01,2.512357953260572763e-01
6.915287013959556806e-01,7.121214861557043641e-01,5.659453548325714678e-01,5.453580600687442104e-01,2.024640161778696323e-01,5.210348642993136714e-01,8.043271854869500359e-01
6.015714452321349048e-01,3.796300325724636937e-01,4.748022823464411735e-01,7.249217135113823485e-01,2.512357953260572763e-01,8.043271854869500359e-01,8.652614337840379699e-01
