5.210485496743640921e-01,5.545897626008235992e-01,2.337879681039262691e-01,2.411018107746001893e-01,2.478143203828180319e-01,6.161692432256393737e-01
5.545897626008235992e-01,5.718575615919503363e-01,2.348348034569092135e-01,2.381765472575203546e-01,6.040508525079089086e-01,1.215526018013763365e-01
2.337879681039262691e-01,2.348348034569092135e-01,8.061542320165563380e-01,4.868298932733894357e-01,5.333338421936681950e-01,5.580970990927142106e-01
2.411018107746001893e-01,2.381765472575203546e-01,4.868298932733894357e-01,8.459313993795674058e-01,3.365693267102645159e-01,1.868415728014607979e-01
2.478143203828180319e-01,6.040508525079089086e-01,5.333338421936681950e-01,3.365693267102645159e-01,5.844899389761140096e-01,8.371706888596821550e-01
6.161692432256393737e-01,1.215526018013763365e-01,5.580970990927142106e-01,1.868415728014607979e-01,8.371706888596821550e-01,2.003788247975842873e-01
