9.741911956936144534e-01,3.785133753690769209e-01,3.361466886287305389e-01,8.101888035801849686e-01,7.742462631019026986e-01,2.525286332777981202e-01
3.785133753690769209e-01,1.714850389369572126e-01,1.330450185997752444e-01,7.959827017454156328e-01,4.590601470889634772e-01,1.512420402646824091e-01
3.361466886287305389e-01,1.330450185997752444e-01,3.001164779729232901e-01,4.854825770542073315e-01,5.296476130578213759e-01,5.418149190692992390e-01
8.101888035801849686e-01,7.959827017454156328e-01,4.854825770542073315e-01,8.752577836788381083e-01,7.331308118452580791e-01,4.490116900453638982e-01
7.742462631019026986e-01,4.590601470889634772e-01,5.296476130578213759e-01,7.331308118452580791e-01,6.462887183227661314e-02,7.687083895914186282e-01
2.525286332777981202e-01,1.512420402646824091e-01,5.418149190692992390e-01,4.490116900453638982e-01,7.687083895914186282e-01,6.370703081783556376e-01
