7.240754249498863038e-01,5.378004439465662312e-01,2.820101615993131361e-01,4.979973444277357997e-01,6.285188014540603607e-01,6.659199589705504518e-01
5.378004439465662312e-01,3.578869335529963891e-01,4.445890851683970135e-01,8.530192792529285306e-01,6.696472328972511434e-01,5.152245270925930321e-01
2.820101615993131361e-01,4.445890851683970135e-01,4.804594118564892158e-01,6.626693575432662797e-01,7.879721849167473646e-01,7.150381609069151878e-01
4.979973444277357997e-01,8.530192792529285306e-01,6.626693575432662797e-01,9.224885596293039836e-01,7.417657068770855400e-01,6.238508011013352839e-01
6.285188014540603607e-01,6.696472328972511434e-01,7.879721849167473646e-01,7.417657068770855400e-01,3.712333965210103948e-01,1.988282283518862381e-01
6.659199589705504518e-01,5.152245270925930321e-01,7.150381609069151878e-01,6.238508011013352839e-01,1.988282283518862381e-01,1.737926145166046599e-01
