4.801875809192662770e-01,3.791058116933704869e-01,4.843983799033972359e-01,1.639127485799240502e-01,3.451512423804988794e-01,7.102069108220623317e-01
3.791058116933704869e-01,3.294338882339236108e-01,6.183868981474636151e-01,8.933495132033983932e-01,8.341678996020770454e-01,4.328717432112049734e-01
4.843983799033972359e-01,6.183868981474636151e-01,9.523877674785660163e-01,5.436357399611975172e-01,4.103136461114700317e-01,6.616774739100768077e-01
1.639127485799240502e-01,8.933495132033983932e-01,5.436357399611975172e-01,4.574628762512434887e-01,7.961739405513448276e-01,7.357790442264420250e-01
3.451512423804988794e-01,8.341678996020770454e-01,4.103136461114700317e-01,7.961739405513448276e-01,2.213568971611790115e-02,7.599335005368077489e-01
7.102069108220623317e-01,4.328717432112049734e-01,6.616774739100768077e-01,7.357790442264420250e-01,7.599335005368077489e-01,1.770416907912445437e-01
