9.030512638845022977e-02,4.181614889416360170e-01,4.208710688242521258e-01,3.470667458736199640e-01,5.443024994607501554e-01,5.573235724933478519e-01,7.833187294693604308e-01
4.181614889416360170e-01,3.342406723553663639e-01,5.219963665848277312e-01,5.709969281242053274e-01,8.774781288592526929e-01,4.657646140993694783e-01,4.605851729437984710e-01
4.208710688242521258e-01,5.219963665848277312e-01,1.781553984303154703e-01,6.070745215790807059e-01,6.969439091980744738e-01,4.925872239529170415e-01,5.437595105034659371e-01
3.470667458736199640e-01,5.709969281242053274e-01,6.070745215790807059e-01,7.795764328598385751e-01,2.534426149354632174e-01,8.290405504286775251e-01,7.639283086636590170e-01
5.443024994607501554e-01,8.774781288592526929e-01,6.969439091980744738e-01,2.534426149354632174e-01,4.538961299196579979e-01,4.661505920411290749e-01,5.198942370511343558e-01
5.573235724933478519e-01,4.657646140993694783e-01,4.925872239529170415e-01,8.290405504286775251e-01,4.661505920411290749e-01,7.714483266676371853e-01,8.248058465971511710e-01
7.833187294693604308e-01,4.605851729437984710e-01,5.437595105034659371e-01,7.639283086636590170e-01,5.198942370511343558e-01,8.248058465971511710e-01,8.959821418396425319e-01
