8.717302016735897219e-01,1.863367611916605382e-02,6.728003603123624554e-01,7.548656913967515258e-01,4.971719480039446526e-01,2.380719094355301935e-01
1.863367611916605382e-02,8.320791806645707611e-01,2.360778805674714209e-01,7.209356776063204908e-01,4.569503462937698490e-01,3.785222001716792017e-01
6.728003603123624554e-01,2.360778805674714209e-01,5.963363592461634610e-03,6.559172189534936415e-01,3.374133526486658430e-01,6.284098098000427957e-01
7.548656913967515258e-01,7.209356776063204908e-01,6.559172189534936415e-01,3.171375725248049005e-02,9.312450486324597154e-02,1.718247881880201611e-01
4.971719480039446526e-01,4.569503462937698490e-01,3.374133526486658430e-01,9.312450486324597154e-02,1.443422738117443593e-01,4.553946810102308951e-01
2.380719094355301935e-01,3.785222001716792017e-01,6.284098098000427957e-01,1.718247881880201611e-01,4.553946810102308951e-01,8.236862790722492278e-01
