7.426970739247531483e-01,3.465780874857725680e-01,6.166041952783425373e-01,3.728295154036327386e-01,4.430471006856695482e-01,4.844711944038694318e-01
3.465780874857725680e-01,4.462760728420979150e-01,1.526360377332052765e-01,7.841764803397125450e-01,3.790450412196424979e-01,4.852047947433889008e-01
6.166041952783425373e-01,1.526360377332052765e-01,1.308237548577065867e-01,6.035272243319240726e-01,2.702332883913766137e-01,3.151368531004687390e-01
3.728295154036327386e-01,7.841764803397125450e-01,6.035272243319240726e-01,3.481160591452855391e-01,2.387895773824741941e-01,8.313596038991550863e-01
4.430471006856695482e-01,3.790450412196424979e-01,2.702332883913766137e-01,2.387895773824741941e-01,6.995160925908778804e-01,9.158377893417659621e-01
4.844711944038694318e-01,4.852047947433889008e-01,3.151368531004687390e-01,8.313596038991550863e-01,9.158377893417659621e-01,7.847092407465209307e-01
