6.355260457503872917e-01,4.782634767029680378e-01,5.715107657309637101e-01,5.199816945814583757e-01,7.111102952244955366e-01,3.664712188062662079e-01
4.782634767029680378e-01,9.973690924793555679e-01,4.995385425901312515e-01,4.717958686333996177e-01,4.959010980969942306e-01,5.153698629421792354e-01
5.715107657309637101e-01,4.995385425901312515e-01,2.711495432360270241e-01,2.295506017095866880e-01,4.035603219504484973e-01,7.386263885154931152e-01
5.199816945814583757e-01,4.717958686333996177e-01,2.295506017095866880e-01,4.347728462942768157e-02,6.093680986248204423e-01,7.962019406574727398e-01
7.111102952244955366e-01,4.959010980969942306e-01,4.035603219504484973e-01,6.093680986248204423e-01,9.607431417875422763e-01,5.636640284359317743e-01
3.664712188062662079e-01,5.153698629421792354e-01,7.386263885154931152e-01,7.962019406574727398e-01,5.636640284359317743e-01,8.241846139007321659e-01
