2.089657092478125477e-01,4.410345294643909786e-01,5.999058318956573821e-01,7.681472468030353662e-01,5.457276096032669388e-01,8.475335021203058705e-01
4.410345294643909786e-01,6.629106472640012848e-01,7.761248694259426095e-01,4.794793905785758592e-01,5.523890337632040293e-01,2.477565745845622391e-01
5.999058318956573821e-01,7.761248694259426095e-01,7.452595474944634368e-02,8.453386071281037140e-01,7.717232052337993364e-01,5.811184786981248296e-01
7.681472468030353662e-01,4.794793905785758592e-01,8.453386071281037140e-01,6.641678624314879542e-01,5.996271695873671703e-01,8.028088435099184350e-01
5.457276096032669388e-01,5.523890337632040293e-01,7.717232052337993364e-01,5.996271695873671703e-01,2.905510323219074875e-01,3.706222784377359858e-01
8.475335021203058705e-01,2.477565745845622391e-01,5.811184786981248296e-01,8.028088435099184350e-01,3.706222784377359858e-01,9.909046616259211682e-01
