6.593944268183962176e-01,9.217106467585266527e-01,5.059894186188997889e-01,3.668589802863876925e-01,5.048896768561845771e-01,6.875672814119211385e-01
9.217106467585266527e-01,1.163051494549451892e-01,2.848475126182498651e-01,4.226249325526867384e-01,2.759891763508683371e-01,5.034682832520251949e-01
5.059894186188997889e-01,2.848475126182498651e-01,4.953546707965120754e-01,6.934656663101800289e-01,9.482243641489835895e-01,9.449926692951897689e-01
3.668589802863876925e-01,4.226249325526867384e-01,6.934656663101800289e-01,1.242569835627765906e-01,8.172205960456754292e-01,4.197637845441486437e-01
5.048896768561845771e-01,2.759891763508683371e-01,9.482243641489835895e-01,8.172205960456754292e-01,5.086972897599930654e-01,5.456618738935519186e-01
6.875672814119211385e-01,5.034682832520251949e-01,9.449926692951897689e-01,4.197637845441486437e-01,5.456618738935519186e-01,6.094604354720325468e-01
