7.672510733246059589e-01,2.602878632346578014e-01,5.536755751346242871e-01,3.091162671260627715e-01,5.360283270055330451e-01,4.924930730991959882e-01
2.602878632346578014e-01,8.032254544810883967e-01,4.640532991443106492e-01,4.343199329295446276e-01,5.733961512556302598e-01,4.623882149060402069e-01
5.536755751346242871e-01,4.640532991443106492e-01,3.318362570245071419e-01,3.636706689236933188e-01,4.968498339135553610e-01,5.143442755406489875e-01
3.091162671260627715e-01,4.343199329295446276e-01,3.636706689236933188e-01,5.598587958721321645e-01,5.246111515375946333e-01,4.217860334253406562e-01
5.360283270055330451e-01,5.733961512556302598e-01,4.968498339135553610e-01,5.246111515375946333e-01,5.749097058558352291e-01,9.093911884849443794e-01
4.924930730991959882e-01,4.623882149060402069e-01,5.143442755406489875e-01,4.217860334253406562e-01,9.093911884849443794e-01,4.229553494306734773e-01
