2.361851819619060766e-01,5.007737384675321479e-01,3.238952210412295307e-01,3.263692014438062672e-01,1.778788769376436485e-01,5.897383158631935851e-01
5.007737384675321479e-01,2.474675098754766100e-01,8.753275064182448606e-01,4.485607450451156719e-01,6.474507916167313581e-01,4.316777759662063230e-01
3.238952210412295307e-01,8.753275064182448606e-01,5.857047264697634592e-02,3.271097759590465559e-01,3.628028725243700459e-01,2.127285827815998953e-01
3.263692014438062672e-01,4.485607450451156719e-01,3.271097759590465559e-01,8.720014721570168437e-02,3.506757962765549297e-01,4.020691154327432626e-01
1.778788769376436485e-01,6.474507916167313581e-01,3.628028725243700459e-01,3.506757962765549297e-01,8.952045836408041302e-01,4.918061842331714062e-01
5.897383158631935851e-01,4.316777759662063230e-01,2.127285827815998953e-01,4.020691154327432626e-01,4.918061842331714062e-01,6.376360921065730158e-01
