6.591195488676060421e-02,2.173705554357594494e-01,2.627522925036543944e-01,2.542756345385988048e-01,3.033475298515153629e-01,1.793549487911048068e-01
2.173705554357594494e-01,4.758617641980569246e-01,2.073214276922267785e-01,5.963503253841897500e-01,2.623120868278363549e-01,1.176060266264196685e-01
2.627522925036543944e-01,2.073214276922267785e-01,3.967675628500236806e-01,2.060519137139973367e-01,9.419224544091499007e-01,4.120846757192338505e-01
2.542756345385988048e-01,5.963503253841897500e-01,2.060519137139973367e-01,6.586126604274301632e-01,6.642305094831473244e-01,2.803573464160445949e-01
3.033475298515153629e-01,2.623120868278363549e-01,9.419224544091499007e-01,6.642305094831473244e-01,9.091487124806828524e-01,4.269590391137323415e-01
1.793549487911048068e-01,1.176060266264196685e-01,4.120846757192338505e-01,2.803573464160445949e-01,4.269590391137323415e-01,6.136865826402168045e-01
