7.271982648468492405e-01,7.064185749822673444e-01,3.473802297951394391e-01,5.300808850403225803e-01,3.290308246414098137e-01,2.872628755385196464e-01
7.064185749822673444e-01,8.164164914056776245e-01,6.880547164630528290e-01,5.864538182990644000e-01,4.227770229707980554e-01,4.727224411038193352e-01
3.473802297951394391e-01,6.880547164630528290e-01,7.502170849740177339e-01,3.877364808687397413e-01,2.943127278034701755e-01,2.163249197718164485e-01
5.300808850403225803e-01,5.864538182990644000e-01,3.877364808687397413e-01,5.597190841981036780e-02,4.784439777412655692e-01,2.126723820618009464e-01
3.290308246414098137e-01,4.227770229707980554e-01,2.943127278034701755e-01,4.784439777412655692e-01,2.151102791436276807e-01,3.765699558993494955e-01
2.872628755385196464e-01,4.727224411038193352e-01,2.163249197718164485e-01,2.126723820618009464e-01,3.765699558993494955e-01,7.589060750118262755e-01
