1.387480856998316581e-01,8.772658146977849736e-01,4.562508232868441871e-01,2.909696374979899303e-01,7.630800560084761708e-01,4.592323797165134280e-01
8.772658146977849736e-01,1.583939789710830937e-01,3.224713544379410601e-01,4.170289389555871806e-01,5.282568709192709822e-01,3.491048114530422852e-01
4.562508232868441871e-01,3.224713544379410601e-01,8.948355822202317400e-01,3.816615492652898900e-01,4.130130020760855447e-01,4.830613038030708295e-01
2.909696374979899303e-01,4.170289389555871806e-01,3.816615492652898900e-01,2.368887119184626133e-02,2.670702352692265746e-01,8.427670813680886441e-01
7.630800560084761708e-01,5.282568709192709822e-01,4.130130020760855447e-01,2.670702352692265746e-01,4.865671492854992675e-01,9.002330304039516395e-01
4.592323797165134280e-01,3.491048114530422852e-01,4.830613038030708295e-01,8.427670813680886441e-01,9.002330304039516395e-01,5.861718760802058226e-01
