4.638734230089447408e-01,5.351088643449348758e-01,4.834758295106206805e-01,7.136703562895839736e-01,8.151498636023831734e-01,3.875665195510527017e-01
5.351088643449348758e-01,3.606258850195288579e-01,3.853951721780545236e-01,7.696491545847652382e-01,1.630218493238236865e-01,2.932962856158976561e-01
4.834758295106206805e-01,3.853951721780545236e-01,6.361987766749380713e-01,6.989214241337653455e-01,8.794404364127714757e-01,7.311509223493846132e-01
7.136703562895839736e-01,7.696491545847652382e-01,6.989214241337653455e-01,4.987904947633017283e-01,1.922776482338611204e-01,1.961010639963400304e-01
8.151498636023831734e-01,1.630218493238236865e-01,8.794404364127714757e-01,1.922776482338611204e-01,6.600632646287017957e-01,5.248152040892781756e-01
3.875665195510527017e-01,2.932962856158976561e-01,7.311509223493846132e-01,1.961010639963400304e-01,5.248152040892781756e-01,9.080207962717190551e-01
