5.725150551902777885e-01,2.568638845657045811e-01,6.141730496642164860e-01,4.279707681930841057e-01,3.626447541375922845e-01,1.532174588818290828e-01
2.568638845657045811e-01,7.410748995578710918e-01,1.728917458088024550e-01,4.931875405573440396e-01,4.673265204787634963e-01,6.854531624786623922e-01
6.141730496642164860e-01,1.728917458088024550e-01,9.259099358381568390e-01,4.335794848482070751e-01,4.924184843504004205e-01,3.133162148265804525e-01
4.279707681930841057e-01,4.931875405573440396e-01,4.335794848482070751e-01,5.359573397870398548e-01,8.149571596610605262e-01,3.531352300174317449e-01
3.626447541375922845e-01,4.673265204787634963e-01,4.924184843504004205e-01,8.149571596610605262e-01,9.408268330624267595e-01,7.126167554977801410e-01
1.532174588818290828e-01,6.854531624786623922e-01,3.133162148265804525e-01,3.531352300174317449e-01,7.126167554977801410e-01,7.400990620989679192e-01
