6.715220422900037844e-01,7.972164218763786447e-01,3.597435574774948686e-01,7.511570101830870039e-01,6.458823319005704278e-01,5.800311104310469368e-01,7.423049182310044181e-01
7.972164218763786447e-01,1.061347331754196599e-01,7.305844190516943559e-01,7.871490514183787646e-01,1.942990187462928509e-01,4.354378556678739631e-01,1.475747631644722113e-01
3.597435574774948686e-01,7.305844190516943559e-01,8.953067918866789432e-01,3.884559015861789311e-01,4.662441853533496605e-01,2.640772922555867930e-01,7.550772624658084187e-01
7.511570101830870039e-01,7.871490514183787646e-01,3.884559015861789311e-01,5.900041064461529761e-01,4.774036745161605033e-01,5.168116939580610358e-01,6.811289558325330784e-01
6.458823319005704278e-01,1.942990187462928509e-01,4.662441853533496605e-01,4.774036745161605033e-01,7.805779041989165945e-01,1.568932481616550634e-01,2.700737710196914887e-01
5.800311104310469368e-01,4.354378556678739631e-01,2.640772922555867930e-01,5.168116939580610358e-01,1.568932481616550634e-01,1.986091510954041128e-01,2.953932818994580711e-01
7.423049182310044181e-01,1.475747631644722113e-01,7.550772624658084187e-01,6.811289558325330784e-01,2.700737710196914887e-01,2.953932818994580711e-01,8.002771941455081306e-01
