1.577893381812405238e-01,2.683153472422880048e-01,2.739454360507589392e-01,3.773206314602511879e-01,4.379411476536825831e-01,1.090059958258456918e-01
2.683153472422880048e-01,3.849463339317792387e-01,7.746658756291480152e-02,2.736058541027031610e-01,8.060399157027753336e-01,2.067881843083757554e-01
2.739454360507589392e-01,7.746658756291480152e-02,1.010393942538639900e-01,5.490334842520481207e-01,7.520086354256365624e-01,9.141179491992964534e-01
3.773206314602511879e-01,2.736058541027031610e-01,5.490334842520481207e-01,8.304479873392256462e-01,1.502186621227716290e-01,4.829842110763299390e-01
4.379411476536825831e-01,8.060399157027753336e-01,7.520086354256365624e-01,1.502186621227716290e-01,8.607821433087938789e-01,4.941863147106777543e-01
1.090059958258456918e-01,2.067881843083757554e-01,9.141179491992964534e-01,4.829842110763299390e-01,4.941863147106777543e-01,5.904721896177012042e-01
