8.247590571995282449e-01,7.989762953816712532e-01,3.867528911154125004e-01,6.258218404566284754e-01,2.637739593124693860e-01,6.810938658745324670e-01
7.989762953816712532e-01,2.584992975262286885e-01,4.129396645821624134e-01,3.762732354578521843e-01,4.393805861395559953e-01,5.619780702956191920e-01
3.867528911154125004e-01,4.129396645821624134e-01,8.017264628351771227e-01,6.081986503237701847e-01,8.048414795287814893e-01,9.594769095274530146e-02
6.258218404566284754e-01,3.762732354578521843e-01,6.081986503237701847e-01,3.762079799502254795e-01,8.460674505893550634e-01,4.810193604702574510e-01
2.637739593124693860e-01,4.393805861395559953e-01,8.048414795287814893e-01,8.460674505893550634e-01,1.085589150238820411e-01,5.448362129559591871e-01
6.810938658745324670e-01,5.619780702956191920e-01,9.594769095274530146e-02,4.810193604702574510e-01,5.448362129559591871e-01,5.449783336783964316e-01
