4.826885708615314963e-01,2.696346855544911603e-01,5.195960028391219954e-01,1.918647817239437225e-01,7.199268995587695397e-01,3.182437102088563896e-01
2.696346855544911603e-01,3.657097531672277579e-01,7.072269920343596805e-01,4.295645188244701096e-01,4.039344168492634002e-01,4.763727668692224748e-01
5.195960028391219954e-01,7.072269920343596805e-01,5.504403332953584638e-01,5.879375123482288856e-01,5.935590952320333180e-01,6.721837071881922032e-01
1.918647817239437225e-01,4.295645188244701096e-01,5.879375123482288856e-01,8.001906831455507518e-01,2.528500481590125748e-01,6.122811631756537309e-01
7.199268995587695397e-01,4.039344168492634002e-01,5.935590952320333180e-01,2.528500481590125748e-01,1.346122612850262357e-01,5.294051629813754101e-01
3.182437102088563896e-01,4.763727668692224748e-01,6.721837071881922032e-01,6.122811631756537309e-01,5.294051629813754101e-01,9.339235869307808136e-01
