4.450957619324868997e-01,3.555675065328566253e-01,5.823894965658829026e-01,5.798373811645616271e-01,9.279626987779154845e-01,4.541781179927202872e-01
3.555675065328566253e-01,1.648414386416894306e-01,3.187654048230258441e-01,6.690339330541975604e-01,5.354234840029384879e-01,6.443907470965744011e-01
5.823894965658829026e-01,3.187654048230258441e-01,7.808348816145003202e-01,3.153509938162030735e-01,6.273860509079436376e-01,7.642661301117581463e-01
5.798373811645616271e-01,6.690339330541975604e-01,3.153509938162030735e-01,9.289662402320697510e-01,4.018493306976977375e-01,4.729501761842334617e-01
9.279626987779154845e-01,5.354234840029384879e-01,6.273860509079436376e-01,4.018493306976977375e-01,4.758017615352837515e-01,8.507564957519424542e-01
4.541781179927202872e-01,6.443907470965744011e-01,7.642661301117581463e-01,4.729501761842334617e-01,8.507564957519424542e-01,3.322915040371883233e-01
