6.528615496553000774e-01,4.885197184307069063e-01,2.211431344068436333e-01,6.902396407198372330e-01,3.295897492574533238e-01,3.060952791070061796e-01
4.885197184307069063e-01,1.643350051404440793e-01,2.979139871511740645e-01,1.702522003727067745e-01,7.556271920378082596e-01,8.949504171460959112e-01
2.211431344068436333e-01,2.979139871511740645e-01,4.997229787333390405e-01,6.376956674865135177e-01,3.460217827088546416e-01,1.686689245908887802e-01
6.902396407198372330e-01,1.702522003727067745e-01,6.376956674865135177e-01,7.403987850423029426e-01,7.590246383752915493e-01,2.661853664369532857e-01
3.295897492574533238e-01,7.556271920378082596e-01,3.460217827088546416e-01,7.590246383752915493e-01,8.127226197893125947e-01,5.785678587268510142e-01
3.060952791070061796e-01,8.949504171460959112e-01,1.686689245908887802e-01,2.661853664369532857e-01,5.785678587268510142e-01,3.207738912983445490e-01
