6.850065320166430771e-01,5.476465805798588216e-01,2.951634077289987390e-01,1.056486795340254581e-01,7.446834386730301070e-01,4.546296966929018746e-01
5.476465805798588216e-01,1.725968389528802494e-01,8.057064240588207582e-01,5.887048914666159760e-01,6.135575316100372323e-01,3.237062048855651186e-01
2.951634077289987390e-01,8.057064240588207582e-01,4.241613120119698266e-01,8.022327476254712542e-01,2.846212589629407708e-01,9.595470414299197559e-01
1.056486795340254581e-01,5.887048914666159760e-01,8.022327476254712542e-01,6.438775162156968879e-01,9.197701850392359102e-01,6.714630126391440967e-01
7.446834386730301070e-01,6.135575316100372323e-01,2.846212589629407708e-01,9.197701850392359102e-01,4.734650078804747420e-01,4.063220056946516556e-01
4.546296966929018746e-01,3.237062048855651186e-01,9.595470414299197559e-01,6.714630126391440967e-01,4.063220056946516556e-01,7.800571159213963712e-01
