6.289386441468013400e-01,5.776028388854588247e-01,7.982351021893177023e-01,1.481014987924875737e-01,3.716129508339791054e-01,7.457471624397393750e-01
5.776028388854588247e-01,9.721130837553956239e-01,5.073377173829662912e-01,3.232711909097236713e-01,6.639840597559751867e-01,7.396533230760480304e-01
7.982351021893177023e-01,5.073377173829662912e-01,9.335124777905022819e-01,4.422930018009000874e-01,3.207380432706642415e-01,2.986231742949387868e-01
1.481014987924875737e-01,3.232711909097236713e-01,4.422930018009000874e-01,1.341090503558708402e-01,3.543212775162826178e-01,2.515160746003344272e-01
3.716129508339791054e-01,6.639840597559751867e-01,3.207380432706642415e-01,3.543212775162826178e-01,7.049843616541979774e-01,6.033819144598402406e-01
7.457471624397393750e-01,7.396533230760480304e-01,2.986231742949387868e-01,2.515160746003344272e-01,6.033819144598402406e-01,2.559950053064999898e-01
