6.528310181258197842e-01,1.963456341822745199e-01,5.620803289284570514e-01,3.430186767880636367e-01,4.476627068140497934e-01,6.682244821108727084e-01,5.784779042016188200e-01
1.963456341822745199e-01,6.471376910225360435e-01,4.986580180361227521e-01,5.594841655891494847e-01,5.849785388787833718e-01,9.082972293945534847e-01,8.653123057004810104e-01
5.620803289284570514e-01,4.986580180361227521e-01,1.645676750771959407e-01,6.172936699132851590e-01,8.010036730942466932e-01,7.879793140081045033e-01,3.971291751392755920e-01
3.430186767880636367e-01,5.594841655891494847e-01,6.172936699132851590e-01,2.817151271483092634e-01,2.757042031966688844e-02,6.182141206267609546e-01,6.050181663504727858e-01
4.476627068140497934e-01,5.849785388787833718e-01,8.010036730942466932e-01,2.757042031966688844e-02,9.261657941677124972e-01,8.831383066765308154e-01,5.847006824214355802e-01
6.682244821108727084e-01,9.082972293945534847e-01,7.879793140081045033e-01,6.182141206267609546e-01,8.831383066765308154e-01,9.178302319454997305e-01,5.313035463205064701e-01
5.784779042016188200e-01,8.653123057004810104e-01,3.971291751392755920e-01,6.050181663504727858e-01,5.847006824214355802e-01,5.313035463205064701e-01,3.424372103837154402e-01
