8.885119585859372338e-01,5.479802989706918925e-01,1.314534211892869897e-01,3.023645458480263004e-01,4.648655630235631331e-01,4.121331465039992370e-01
5.479802989706918925e-01,9.254186907414515550e-01,9.166417090356477892e-01,2.184933085330670877e-01,6.216190911979389000e-01,3.325053573970707110e-01
1.314534211892869897e-01,9.166417090356477892e-01,3.063567263464520574e-01,6.911128781192130699e-01,2.379304199663047625e-01,3.123995596438672306e-01
3.023645458480263004e-01,2.184933085330670877e-01,6.911128781192130699e-01,7.813353057398767509e-01,4.059803006127213343e-01,5.963203076526810698e-01
4.648655630235631331e-01,6.216190911979389000e-01,2.379304199663047625e-01,4.059803006127213343e-01,4.407097087769019650e-01,4.743921051087634511e-01
4.121331465039992370e-01,3.325053573970707110e-01,3.123995596438672306e-01,5.963203076526810698e-01,4.743921051087634511e-01,1.796416663949202963e-01
