2.311609040622450983e-01,1.095562921392134736e-01,7.249850136638228415e-01,3.682623557063504083e-01,6.660784823136295385e-01,7.638767823021791470e-01
1.095562921392134736e-01,9.563869959757790307e-01,2.857021309441616364e-01,8.526893888212367933e-01,7.660062729139631710e-01,7.904060159503444316e-01
7.249850136638228415e-01,2.857021309441616364e-01,9.536223985233602818e-01,7.623377037822374191e-01,2.331613125631161187e-01,3.666015448817737665e-01
3.682623557063504083e-01,8.526893888212367933e-01,7.623377037822374191e-01,5.262114587330700699e-01,5.995266470072393439e-01,2.559070062687738845e-01
6.660784823136295385e-01,7.660062729139631710e-01,2.331613125631161187e-01,5.995266470072393439e-01,9.132612559245577577e-01,4.694163736632632755e-01
7.638767823021791470e-01,7.904060159503444316e-01,3.666015448817737665e-01,2.559070062687738845e-01,4.694163736632632755e-01,9.933984708908116801e-01
