8.111681367293430700e-01,5.307318280636814656e-01,3.491244793381303446e-01,6.396924131957044679e-01,6.250353940745324577e-01,5.605418864514616351e-01
5.307318280636814656e-01,2.444302211850164497e-01,1.012354821365929469e-01,8.702198701057635155e-01,2.564283930132083000e-01,5.020814384651173246e-01
3.491244793381303446e-01,1.012354821365929469e-01,9.989321091811050879e-01,3.980636118879131158e-01,4.851955734992546843e-01,2.790100357521024810e-01
6.396924131957044679e-01,8.702198701057635155e-01,3.980636118879131158e-01,6.215683288007368690e-01,3.085471064313393130e-01,8.068288101504998977e-01
6.250353940745324577e-01,2.564283930132083000e-01,4.851955734992546843e-01,3.085471064313393130e-01,2.535354304382084756e-01,2.017514917054941126e-01
5.605418864514616351e-01,5.020814384651173246e-01,2.790100357521024810e-01,8.068288101504998977e-01,2.017514917054941126e-01,7.445151339632203324e-01
