5.399080946708008089e-01,4.557916812478726709e-01,6.371700849259261945e-01,7.824715066769288851e-01,7.692794784601135749e-01,4.757372681370293788e-01
4.557916812478726709e-01,4.042612738077433487e-02,6.119103771640643785e-01,8.153065978351023979e-01,3.706488912388075097e-01,8.742586801619326442e-01
6.371700849259261945e-01,6.119103771640643785e-01,2.510603183686264117e-01,1.446811563740236228e-01,4.630110126821585514e-01,6.290116594514199022e-01
7.824715066769288851e-01,8.153065978351023979e-01,1.446811563740236228e-01,8.049170014315265576e-03,5.592779981086309915e-01,2.868530798543933447e-01
7.692794784601135749e-01,3.706488912388075097e-01,4.630110126821585514e-01,5.592779981086309915e-01,3.970055609698490695e-01,5.696657687077308907e-01
4.757372681370293788e-01,8.742586801619326442e-01,6.290116594514199022e-01,2.868530798543933447e-01,5.696657687077308907e-01,9.791353111534540909e-01
