2.113176644660749171e-01,4.019635661570909457e-01,1.658104996237853568e-01,5.468947151252123717e-01,6.067838033819519250e-01,4.496552612091329615e-01
4.019635661570909457e-01,5.415998229690891508e-01,5.069331747807941380e-01,5.526726173524110219e-01,4.041331356458640611e-01,8.218293868056085749e-01
1.658104996237853568e-01,5.069331747807941380e-01,4.576756589761455940e-01,5.140459114743795022e-01,4.326515420596562800e-01,1.270283694156865151e-01
5.468947151252123717e-01,5.526726173524110219e-01,5.140459114743795022e-01,3.832929332370879072e-01,5.588320854966599693e-01,6.740250549637678557e-01
6.067838033819519250e-01,4.041331356458640611e-01,4.326515420596562800e-01,5.588320854966599693e-01,6.452238729622415958e-01,9.253059506528767963e-01
4.496552612091329615e-01,8.218293868056085749e-01,1.270283694156865151e-01,6.740250549637678557e-01,9.253059506528767963e-01,5.254778468560140636e-01
