9.220606059837177515e-02,8.513162098210520501e-01,3.773202952659632237e-01,3.125767842977748012e-01,4.573776998588671705e-01,2.655045236200782588e-01,6.017481925766194895e-01
8.513162098210520501e-01,8.712703919903972416e-01,4.279761942478116366e-01,2.022816640062549132e-01,6.052027674560116477e-01,3.335400824519608176e-01,1.872096246040157452e-01
3.773202952659632237e-01,4.279761942478116366e-01,4.776457419153112838e-01,1.071944478893869790e-01,6.246322035775466741e-01,6.853455482941828159e-01,8.378655896277307225e-01
3.125767842977748012e-01,2.022816640062549132e-01,1.071944478893869790e-01,7.549215696092033134e-01,7.222388032665542079e-01,6.628662818789358147e-01,8.129761017421301972e-01
4.573776998588671705e-01,6.052027674560116477e-01,6.246322035775466741e-01,7.222388032665542079e-01,8.904964960263991314e-01,3.392205720608665875e-01,9.424630507419590186e-02
2.655045236200782588e-01,3.335400824519608176e-01,6.853455482941828159e-01,6.628662818789358147e-01,3.392205720608665875e-01,5.787055833852069453e-01,4.079950812580410702e-01
6.017481925766194895e-01,1.872096246040157452e-01,8.378655896277307225e-01,8.129761017421301972e-01,9.424630507419590186e-02,4.079950812580410702e-01,1.284863996766762995e-01
