5.482241386480239953e-01,5.851885737468555115e-01,7.819538336991697092e-01,6.880639477434477014e-01,4.946290590237564788e-01,7.648008715296962245e-01
5.851885737468555115e-01,8.641725125274412056e-01,3.091253073924670747e-01,4.645053766218750213e-01,5.150754163079103165e-01,7.275825123059351807e-01
7.819538336991697092e-01,3.091253073924670747e-01,8.419466237912281992e-01,5.605099890922481398e-01,4.607960525690852904e-01,7.675082543549242020e-01
6.880639477434477014e-01,4.645053766218750213e-01,5.605099890922481398e-01,7.509719805616092980e-01,4.737802112479041483e-01,4.419813179606247311e-01
4.946290590237564788e-01,5.150754163079103165e-01,4.607960525690852904e-01,4.737802112479041483e-01,1.530884134140642061e-02,4.923838168900010470e-01
7.648008715296962245e-01,7.275825123059351807e-01,7.675082543549242020e-01,4.419813179606247311e-01,4.923838168900010470e-01,8.187062921048083863e-01
