9.606984705952026360e-01,2.416396125698194730e-01,5.663148277655667417e-01,2.870602882358350150e-01,7.718323188243492172e-01,6.587600636067743043e-01
2.416396125698194730e-01,7.194671763025745070e-01,8.213617102340289300e-01,3.734635801020552148e-01,2.507375692619878138e-01,3.531065388602362964e-01
5.663148277655667417e-01,8.213617102340289300e-01,1.770416440374175115e-01,3.033384420585814589e-01,7.458872632663635649e-01,8.380310268636181892e-01
2.870602882358350150e-01,3.734635801020552148e-01,3.033384420585814589e-01,1.223810496165141926e-01,3.864304332173914003e-01,5.815682959546146780e-01
7.718323188243492172e-01,2.507375692619878138e-01,7.458872632663635649e-01,3.864304332173914003e-01,4.184328958689240707e-01,4.793668825845914805e-01
6.587600636067743043e-01,3.531065388602362964e-01,8.380310268636181892e-01,5.815682959546146780e-01,4.793668825845914805e-01,7.171448995364635426e-01
