7.895887933623588761e-01,2.117204851015431211e-01,5.242673077960867678e-01,7.887751419357049709e-01,7.789994830950408566e-01,5.713083346125764628e-01,5.717706915647313703e-01
2.117204851015431211e-01,7.623598371294602050e-01,4.925630580726109709e-01,4.829515712368924740e-01,4.868430907005543706e-01,5.108192694688074020e-01,4.365328329154359865e-01
5.242673077960867678e-01,4.925630580726109709e-01,3.775736216012823832e-01,3.876273122046057229e-01,1.114342812335742394e-01,6.807267831983596640e-01,6.611202136042844124e-01
7.887751419357049709e-01,4.829515712368924740e-01,3.876273122046057229e-01,7.494733268098742185e-01,3.083979649234053211e-01,1.774708441928443126e-01,8.208230089284146436e-02
7.789994830950408566e-01,4.868430907005543706e-01,1.114342812335742394e-01,3.083979649234053211e-01,1.614906117064860425e-01,2.520698758736031331e-01,4.807100107714412096e-01
5.713083346125764628e-01,5.108192694688074020e-01,6.807267831983596640e-01,1.774708441928443126e-01,2.520698758736031331e-01,8.569127410366889075e-01,8.996362182903603344e-01
5.717706915647313703e-01,4.365328329154359865e-01,6.611202136042844124e-01,8.208230089284146436e-02,4.807100107714412096e-01,8.996362182903603344e-01,2.676718705689654643e-01
