4.480667203740951177e-02,5.974799380641415691e-01,3.376465279488020110e-01,3.819455666558890239e-01,7.041211435652379169e-01,5.942780631569609673e-01
5.974799380641415691e-01,6.394752045706353361e-01,4.051073064146010760e-01,6.360026733972267143e-01,7.811517653029123043e-01,7.434159814511380748e-01
3.376465279488020110e-01,4.051073064146010760e-01,8.453346713880225405e-01,8.380695982084365170e-01,5.767647266508421078e-01,4.221452528435538087e-01
3.819455666558890239e-01,6.360026733972267143e-01,8.380695982084365170e-01,1.742729241683482755e-01,6.356636445993335549e-01,2.129955264954286887e-01
7.041211435652379169e-01,7.811517653029123043e-01,5.767647266508421078e-01,6.356636445993335549e-01,7.167635228806743530e-01,6.354290297236451224e-01
5.942780631569609673e-01,7.434159814511380748e-01,4.221452528435538087e-01,2.129955264954286887e-01,6.354290297236451224e-01,9.002103002266537146e-02
