8.721373722304789355e-01,1.865613559541368094e-01,9.320795040403495602e-02,2.039091035252552642e-01,4.369021669067787994e-01,5.394429282359023414e-01
1.865613559541368094e-01,2.515617392990420198e-01,2.385706959255464721e-01,8.261027730381440559e-01,8.300366822369988906e-01,5.810990861163237708e-01
9.320795040403495602e-02,2.385706959255464721e-01,2.819573784610981404e-01,5.070592263375470754e-01,4.494632182632443684e-01,6.616251985320392714e-02
2.039091035252552642e-01,8.261027730381440559e-01,5.070592263375470754e-01,6.129692497440223375e-01,2.335519138984126775e-01,8.959008578573574022e-01
4.369021669067787994e-01,8.300366822369988906e-01,4.494632182632443684e-01,2.335519138984126775e-01,5.923835813066345990e-01,5.024023902162311206e-01
5.394429282359023414e-01,5.810990861163237708e-01,6.616251985320392714e-02,8.959008578573574022e-01,5.024023902162311206e-01,6.230970390815582238e-01
