7.743439481583025419e-02,3.813491049367466745e-01,7.601643964784491336e-01,4.648688707372411466e-01,6.126091781051365981e-01,5.643782130679730891e-02
3.813491049367466745e-01,6.242753989061360365e-01,8.731403626113187766e-01,7.380084648245910373e-01,7.338358893372072256e-01,5.258861544086538276e-01
7.601643964784491336e-01,8.731403626113187766e-01,8.721882102996656450e-01,7.989533746506107814e-01,8.588393520265458214e-01,3.867236159299757281e-01
4.648688707372411466e-01,7.380084648245910373e-01,7.989533746506107814e-01,6.980591629795739328e-01,6.681892041902330881e-01,5.913288630059057027e-01
6.126091781051365981e-01,7.338358893372072256e-01,8.588393520265458214e-01,6.681892041902330881e-01,3.921611807387151982e-01,4.500960620044230365e-01
5.643782130679730891e-02,5.258861544086538276e-01,3.867236159299757281e-01,5.913288630059057027e-01,4.500960620044230365e-01,6.145917281763364493e-01
