8.349098876331801922e-01,4.459221357440605882e-01,3.035365487916820149e-01,5.144664886688883332e-01,6.738493020891347385e-01,5.799249182567800531e-01
4.459221357440605882e-01,9.490727583402651657e-01,4.857422723356618621e-01,6.929737223254228695e-01,5.522270530255848353e-01,3.080056000329944310e-01
3.035365487916820149e-01,4.857422723356618621e-01,6.373043736581014418e-01,3.776808208251460353e-01,3.463217463947189656e-01,7.071820389470562240e-01
5.144664886688883332e-01,6.929737223254228695e-01,3.776808208251460353e-01,4.697436559744692097e-01,5.814619288565029409e-01,7.093231506264545683e-01
6.738493020891347385e-01,5.522270530255848353e-01,3.463217463947189656e-01,5.814619288565029409e-01,8.649828047595840008e-01,8.949917380165763880e-01
5.799249182567800531e-01,3.080056000329944310e-01,7.071820389470562240e-01,7.093231506264545683e-01,8.949917380165763880e-01,3.700526667426770056e-01
