7.300410301189577122e-01,2.891585996921292590e-01,6.387788983681504940e-01,6.211284350439839619e-01,5.062733211436829528e-01,3.793867197629668397e-01
2.891585996921292590e-01,7.223617306495421220e-01,5.472776219958344068e-01,6.037050043932733479e-01,8.856784333009143362e-02,5.459416517365820454e-01
6.387788983681504940e-01,5.472776219958344068e-01,6.934667746501144148e-02,3.650484278240457847e-01,7.213385628019620688e-01,6.094303607683557722e-01
6.211284350439839619e-01,6.037050043932733479e-01,3.650484278240457847e-01,7.769128167103322991e-01,1.122176569520409450e-01,9.585298289034774877e-01
5.062733211436829528e-01,8.856784333009143362e-02,7.213385628019620688e-01,1.122176569520409450e-01,7.306486627665605971e-01,2.921279081665785204e-01
3.793867197629668397e-01,5.459416517365820454e-01,6.094303607683557722e-01,9.585298289034774877e-01,2.921279081665785204e-01,6.641289059048305354e-02
