7.698961001070773191e-01,2.202332024429595192e-01,8.363597026585314342e-01,7.115576291806106068e-01,4.561719403767444114e-01,6.309458432210640622e-01
2.202332024429595192e-01,3.286480864806611280e-01,5.171568288459581497e-01,4.554482195504412911e-01,6.577134510576043702e-01,6.948175500099675883e-01
8.363597026585314342e-01,5.171568288459581497e-01,3.402098538576907583e-01,1.992634312378511185e-01,8.418317681354773319e-01,5.485307211507937097e-01
7.115576291806106068e-01,4.554482195504412911e-01,1.992634312378511185e-01,7.385111029152723328e-01,5.201842682056156963e-01,5.106069705733203845e-01
4.561719403767444114e-01,6.577134510576043702e-01,8.418317681354773319e-01,5.201842682056156963e-01,3.313664383255009449e-01,4.358639061703318829e-01
6.309458432210640622e-01,6.948175500099675883e-01,5.485307211507937097e-01,5.106069705733203845e-01,4.358639061703318829e-01,4.407599479253397901e-01
