2.873449573267706780e-01,6.503727786809672118e-01,4.105705708581084412e-01,1.947454695361680033e-01,1.090962213180502460e-01,6.647877897279974579e-01,4.654953748601569075e-01
6.503727786809672118e-01,6.395104397838402566e-02,5.951995786749437745e-01,4.354992824520962924e-01,6.677841101102403032e-01,2.497674433515211789e-01,6.644600590513354277e-01
4.105705708581084412e-01,5.951995786749437745e-01,8.086422145371449099e-01,1.793690550184590116e-01,4.869963097470053071e-01,2.127643268344898697e-01,4.305393403321894907e-01
1.947454695361680033e-01,4.354992824520962924e-01,1.793690550184590116e-01,9.127693597017599858e-01,4.010397988543059622e-01,3.820584770889904891e-01,5.910344640583733433e-01
1.090962213180502460e-01,6.677841101102403032e-01,4.869963097470053071e-01,4.010397988543059622e-01,8.534172729021838322e-01,6.146780569371331771e-01,3.979565853576588208e-01
6.647877897279974579e-01,2.497674433515211789e-01,2.127643268344898697e-01,3.820584770889904891e-01,6.146780569371331771e-01,3.272377966764838941e-01,4.640593136174336886e-01
4.654953748601569075e-01,6.644600590513354277e-01,4.305393403321894907e-01,5.910344640583733433e-01,3.979565853576588208e-01,4.640593136174336886e-01,8.608949512975679896e-01
