3.061226343048408793e-01,8.805959638227461861e-01,4.145906947174022306e-01,6.170654256496523882e-01,3.766420008556100596e-01,4.563143470968056836e-01
8.805959638227461861e-01,3.464447864887983952e-01,2.290292494286027547e-01,3.438315291027458365e-01,6.703790189560605572e-01,3.412206967388662915e-01
4.145906947174022306e-01,2.290292494286027547e-01,6.649401057720660813e-01,5.068036181743262869e-01,5.538588571302006658e-01,3.388223162863316373e-01
6.170654256496523882e-01,3.438315291027458365e-01,5.068036181743262869e-01,9.782782966500374044e-01,2.292397089685566103e-01,4.547788843996292130e-01
3.766420008556100596e-01,6.703790189560605572e-01,5.538588571302006658e-01,2.292397089685566103e-01,1.274684184225789441e-01,5.466485044563845763e-01
4.563143470968056836e-01,3.412206967388662915e-01,3.388223162863316373e-01,4.547788843996292130e-01,5.466485044563845763e-01,5.802046499743716002e-01
