9.182732854268174094e-01,2.405005807929587736e-01,7.245776484860328992e-01,6.936396616738771392e-01,4.950567743166883194e-01,6.850345404189447374e-01
2.405005807929587736e-01,3.689784444513973805e-01,3.270781061833101244e-01,4.488810129429060547e-01,5.771944075709352084e-01,6.714710248195483455e-01
7.245776484860328992e-01,3.270781061833101244e-01,5.272973116645185421e-01,9.631774142097376812e-02,7.454690725927133332e-01,5.374501850846835627e-01
6.936396616738771392e-01,4.488810129429060547e-01,9.631774142097376812e-02,2.218192972927699458e-01,7.058009062719186044e-01,5.030094975529623147e-01
4.950567743166883194e-01,5.771944075709352084e-01,7.454690725927133332e-01,7.058009062719186044e-01,3.121032772921517040e-02,4.677944503298555601e-01
6.850345404189447374e-01,6.714710248195483455e-01,5.374501850846835627e-01,5.030094975529623147e-01,4.677944503298555601e-01,6.063659856354916000e-01
