4.739231445853112623e-01,6.854709510237197989e-01,3.645418949358044114e-01,4.432768089168490633e-01,7.451385946861686094e-01,7.080681497877361341e-01
6.854709510237197989e-01,1.888111844866028344e-01,2.169389294929303102e-01,8.096374149367218109e-01,5.308452515902821744e-01,6.729943212809934572e-01
3.645418949358044114e-01,2.169389294929303102e-01,8.706463868047767951e-01,4.714152877054355040e-01,1.732499344475871283e-01,5.259857726455406945e-01
4.432768089168490633e-01,8.096374149367218109e-01,4.714152877054355040e-01,5.238380529068673574e-01,6.289734675711933232e-02,2.164407040952102679e-01
7.451385946861686094e-01,5.308452515902821744e-01,1.732499344475871283e-01,6.289734675711933232e-02,6.692697856590626992e-01,2.991207483057153338e-01
7.080681497877361341e-01,6.729943212809934572e-01,5.259857726455406945e-01,2.164407040952102679e-01,2.991207483057153338e-01,1.004779690299020256e-01
