8.748754175588724369e-01,7.114822536262869201e-01,5.210967746943608869e-01,5.847999219779479452e-01,8.112482932021474191e-01,5.469806229984812695e-01
7.114822536262869201e-01,2.438381609081430312e-01,6.194944308304799474e-01,1.487261181996685777e-01,3.143705613509151231e-01,1.969893775132009472e-01
5.210967746943608869e-01,6.194944308304799474e-01,2.165645068178833066e-01,4.278428624267179847e-01,5.914988687928385280e-02,5.558269383933711616e-01
5.847999219779479452e-01,1.487261181996685777e-01,4.278428624267179847e-01,5.883272212047233607e-01,7.145989355955448818e-01,3.830576272970005469e-01
8.112482932021474191e-01,3.143705613509151231e-01,5.914988687928385280e-02,7.145989355955448818e-01,9.784518976432422521e-01,5.912602306068119873e-01
5.469806229984812695e-01,1.969893775132009472e-01,5.558269383933711616e-01,3.830576272970005469e-01,5.912602306068119873e-01,7.919304867222827227e-01
