4.318218099558679413e-01,7.429911405924553014e-01,1.884291825329902914e-01,9.017323872432984055e-01,2.824958632672561198e-01,2.785585550125739829e-01
7.429911405924553014e-01,7.826342266453384378e-01,6.198671434041260753e-01,5.942070976375380953e-01,6.048492323727672204e-01,4.137694504033955778e-01
1.884291825329902914e-01,6.198671434041260753e-01,9.118256932888327837e-01,5.215092065070136007e-01,3.101359412205682009e-01,2.439689088941653927e-01
9.017323872432984055e-01,5.942070976375380953e-01,5.215092065070136007e-01,3.576620160390694414e-01,7.980404939039185130e-01,8.137866010597903932e-01
2.824958632672561198e-01,6.048492323727672204e-01,3.101359412205682009e-01,7.980404939039185130e-01,6.194695118826074598e-01,1.073322521319142742e-01
2.785585550125739829e-01,4.137694504033955778e-01,2.439689088941653927e-01,8.137866010597903932e-01,1.073322521319142742e-01,2.257677374301301221e-01
