2.274610638220823100e-01,4.359625536518947908e-01,6.001833897597410594e-01,5.108453124513818722e-01,6.244086940929396423e-01,5.919219753039179910e-01
4.359625536518947908e-01,6.963653393892565990e-01,2.720309810589165433e-01,2.719897749105684714e-01,9.599057778408806030e-01,7.911516976887776886e-01
6.001833897597410594e-01,2.720309810589165433e-01,4.994553923567700560e-01,3.980052574609889704e-01,2.669504989717307875e-01,6.729527408655870957e-01
5.108453124513818722e-01,2.719897749105684714e-01,3.980052574609889704e-01,9.109231120151117800e-02,8.735147596461396713e-01,6.909239494094201461e-01
6.244086940929396423e-01,9.599057778408806030e-01,2.669504989717307875e-01,8.735147596461396713e-01,4.320601031744842890e-01,2.989873781824824994e-01
5.919219753039179910e-01,7.911516976887776886e-01,6.729527408655870957e-01,6.909239494094201461e-01,2.989873781824824994e-01,5.317934268748566451e-01
