6.443102637657184273e-01,5.283166920281736623e-01,2.368583223254385195e-01,3.873679243526409466e-01,9.679360496266342651e-02,5.846561227921882598e-01
5.283166920281736623e-01,8.257830095574726359e-01,6.498179851552765562e-02,4.238821243272796191e-01,7.389263275586641644e-01,3.772822912209111701e-01
2.368583223254385195e-01,6.498179851552765562e-02,3.482356889079463169e-01,4.907889782749970120e-01,5.533129998755602630e-01,4.472152217403435603e-01
3.873679243526409466e-01,4.238821243272796191e-01,4.907889782749970120e-01,1.984201171867761015e-01,6.578206678186416800e-01,8.699511298939115456e-01
9.679360496266342651e-02,7.389263275586641644e-01,5.533129998755602630e-01,6.578206678186416800e-01,7.511110235969342686e-01,3.873852201262988348e-01
5.846561227921882598e-01,3.772822912209111701e-01,4.472152217403435603e-01,8.699511298939115456e-01,3.873852201262988348e-01,9.944879492321392345e-01
