9.303960320754997015e-01,4.522975461489872062e-01,7.615256201457767382e-01,4.787261622758703372e-01,6.320792358513755982e-01,4.317047699589859344e-01
4.522975461489872062e-01,7.239330214587307299e-01,7.281484892608267590e-01,6.650183058787700885e-01,4.116620296012196700e-01,3.840066305407862091e-01
7.615256201457767382e-01,7.281484892608267590e-01,9.766363094796547406e-01,3.217690905485654507e-01,4.226567715697045480e-01,5.294910815911213486e-01
4.787261622758703372e-01,6.650183058787700885e-01,3.217690905485654507e-01,7.632156246695127599e-01,5.993006924480712705e-01,5.889835481077865253e-02
6.320792358513755982e-01,4.116620296012196700e-01,4.226567715697045480e-01,5.993006924480712705e-01,9.181379799523903262e-01,8.707513546388784276e-02
4.317047699589859344e-01,3.840066305407862091e-01,5.294910815911213486e-01,5.889835481077865253e-02,8.707513546388784276e-02,9.958795888863515300e-01
