8.522250627866042594e-01,9.289229942082061209e-01,3.765222470612508698e-01,5.414789789302891787e-01,6.290407010811550625e-01,5.466423393902939409e-01
9.289229942082061209e-01,7.349120304790547342e-01,7.044424492233634094e-01,2.917310313557093249e-01,4.200216050109806254e-01,6.454167922508275979e-01
3.765222470612508698e-01,7.044424492233634094e-01,7.522372918565486399e-01,5.158329205372796933e-01,8.025961620786989936e-01,5.665347101776809779e-01
5.414789789302891787e-01,2.917310313557093249e-01,5.158329205372796933e-01,4.812905580158518548e-01,5.284561134604152111e-01,6.676460766609939590e-01
6.290407010811550625e-01,4.200216050109806254e-01,8.025961620786989936e-01,5.284561134604152111e-01,9.194110165123322576e-01,7.603806445333631814e-01
5.466423393902939409e-01,6.454167922508275979e-01,5.665347101776809779e-01,6.676460766609939590e-01,7.603806445333631814e-01,1.081348832194171106e-01
