8.570747898545865162e-01,1.834251459133761641e-01,1.769072358879207885e-01,2.697568236132422137e-01,7.430356728786742249e-01,6.734977974769269515e-01
1.834251459133761641e-01,8.739474926344472649e-01,4.284740472971074188e-01,1.455643736813282407e-01,7.580738805246107770e-01,4.980284752968993089e-01
1.769072358879207885e-01,4.284740472971074188e-01,7.132724374536124623e-01,6.120840790851942437e-01,1.772365060944419146e-01,5.172263135091574870e-01
2.697568236132422137e-01,1.455643736813282407e-01,6.120840790851942437e-01,2.288888777058351032e-01,3.279800007054302080e-01,7.731888363004222331e-01
7.430356728786742249e-01,7.580738805246107770e-01,1.772365060944419146e-01,3.279800007054302080e-01,9.284829187497095626e-01,3.171916564760038360e-01
6.734977974769269515e-01,4.980284752968993089e-01,5.172263135091574870e-01,7.731888363004222331e-01,3.171916564760038360e-01,1.940645933878818452e-01
