4.273937234305700272e-01,5.599235889858034110e-01,4.035235782287219242e-01,8.068114807548915079e-01,5.229442756222741906e-01,6.788958631968680102e-01
5.599235889858034110e-01,4.180653354083316842e-01,3.334856805500273635e-01,6.721497923612874681e-01,8.794213888379929234e-01,4.435952330671928956e-01
4.035235782287219242e-01,3.334856805500273635e-01,7.884698062588133549e-01,5.352189384742818135e-01,8.321331196684979004e-01,7.462935620916746338e-01
8.068114807548915079e-01,6.721497923612874681e-01,5.352189384742818135e-01,6.645354582108901065e-01,9.677262212218551429e-02,2.520646297413202119e-01
5.229442756222741906e-01,8.794213888379929234e-01,8.321331196684979004e-01,9.677262212218551429e-02,8.125322083106306659e-01,2.556175975985485738e-01
6.788958631968680102e-01,4.435952330671928956e-01,7.462935620916746338e-01,2.520646297413202119e-01,2.556175975985485738e-01,5.812423988640045280e-01
