6.679469737438552546e-01,3.014115745542261804e-01,3.777373830216350648e-01,1.928089830785275072e-01,6.250467508604207190e-01,5.145904706268182860e-01
3.014115745542261804e-01,8.136777370142886934e-01,3.849763622751630754e-01,3.424371351868025215e-01,4.692106274683041645e-01,6.055569095365505028e-01
3.777373830216350648e-01,3.849763622751630754e-01,7.566889258791941186e-01,9.186296874742783114e-01,8.873813220759144693e-01,3.934393441591091944e-01
1.928089830785275072e-01,3.424371351868025215e-01,9.186296874742783114e-01,1.564827400290971227e-01,6.733033110415210798e-01,4.147056273363382561e-01
6.250467508604207190e-01,4.692106274683041645e-01,8.873813220759144693e-01,6.733033110415210798e-01,9.599964909015951120e-01,5.326487601309009001e-01
5.145904706268182860e-01,6.055569095365505028e-01,3.934393441591091944e-01,4.147056273363382561e-01,5.326487601309009001e-01,8.847123962443977918e-01
