1.215071553992075337e-01,6.045051552947389162e-01,5.301543719366740293e-01,5.158492328979773500e-01,4.369118670265066950e-01,4.692501516261121663e-01
6.045051552947389162e-01,9.858116808899259897e-01,3.492945346170396870e-01,3.328745213019771443e-01,4.358304638261795150e-01,4.792001570678283695e-01
5.301543719366740293e-01,3.492945346170396870e-01,7.983614106747362049e-01,3.877397419992949512e-01,6.758230338258336412e-02,4.120193478079529625e-01
5.158492328979773500e-01,3.328745213019771443e-01,3.877397419992949512e-01,3.737207970675272550e-01,6.873564438221987372e-01,5.218483930986843600e-01
4.369118670265066950e-01,4.358304638261795150e-01,6.758230338258336412e-02,6.873564438221987372e-01,7.263143612521805181e-02,4.754415607620571804e-01
4.692501516261121663e-01,4.792001570678283695e-01,4.120193478079529625e-01,5.218483930986843600e-01,4.754415607620571804e-01,8.018652184232474278e-01
