6.568902146029139688e-01,5.498441441634398519e-01,5.185067506672854654e-01,3.583782959096635246e-01,5.016404575378139441e-01,4.574279954988522690e-01
5.498441441634398519e-01,7.608360327421340719e-01,4.471417310691049862e-01,4.069614872531312488e-01,5.675040802912256765e-01,3.815272480254077170e-01
5.185067506672854654e-01,4.471417310691049862e-01,3.652933026374824976e-01,4.328585576578824479e-01,4.185083825279594660e-01,4.755939627056033348e-01
3.583782959096635246e-01,4.069614872531312488e-01,4.328585576578824479e-01,1.855028587321920774e-01,8.419895903879103249e-01,4.024263855781888277e-01
5.016404575378139441e-01,5.675040802912256765e-01,4.185083825279594660e-01,8.419895903879103249e-01,2.656137989399471877e-01,7.273163167135869855e-01
4.574279954988522690e-01,3.815272480254077170e-01,4.755939627056033348e-01,4.024263855781888277e-01,7.273163167135869855e-01,3.515631308650192244e-01
