8.937012726086862591e-01,1.984222261148637090e-01,7.272868449211682407e-01,5.030701272201761887e-01,5.966162011819473587e-01,7.338146093767257128e-01
1.984222261148637090e-01,2.790887436616660278e-01,4.892128272601339867e-01,7.775247026933187477e-01,8.850859824343673132e-01,5.949287034514241235e-01
7.272868449211682407e-01,4.892128272601339867e-01,5.404204464086508342e-01,4.521493789388361106e-01,4.431369944361798208e-01,6.573911318151354211e-01
5.030701272201761887e-01,7.775247026933187477e-01,4.521493789388361106e-01,7.559622789627955530e-01,4.167292833127563823e-01,3.859075523467858648e-01
5.966162011819473587e-01,8.850859824343673132e-01,4.431369944361798208e-01,4.167292833127563823e-01,5.699627468302722599e-01,6.448084401158724610e-01
7.338146093767257128e-01,5.949287034514241235e-01,6.573911318151354211e-01,3.859075523467858648e-01,6.448084401158724610e-01,2.655242962082816627e-01
