1.659437655569773185e-02,4.401579290275869361e-01,4.539186883028580310e-01,1.984653536095079551e-01,5.118520096201542025e-01,6.257955804124868404e-01
4.401579290275869361e-01,5.672434786549785946e-01,8.659865038274723315e-01,2.657872208000199854e-01,3.635283550308313627e-01,2.685275399037492794e-01
4.539186883028580310e-01,8.659865038274723315e-01,9.885467247562040871e-02,3.482441816555513769e-01,2.414125899753367110e-01,6.862407533575743956e-01
1.984653536095079551e-01,2.657872208000199854e-01,3.482441816555513769e-01,4.432052480259230931e-01,3.131599372667513426e-01,4.310291713172085815e-01
5.118520096201542025e-01,3.635283550308313627e-01,2.414125899753367110e-01,3.131599372667513426e-01,6.547639061482526390e-01,2.887664995525545675e-01
6.257955804124868404e-01,2.685275399037492794e-01,6.862407533575743956e-01,4.310291713172085815e-01,2.887664995525545675e-01,6.539349551017874518e-01
