5.484737934059531472e-01,3.758084515354717658e-01,2.527936293756536390e-01,2.827178754951220063e-01,6.117257950323471416e-01,6.373429227263909258e-01
3.758084515354717658e-01,3.548780620053620938e-01,6.022705621941093490e-01,5.181957166932764647e-01,6.213346656287567216e-01,7.004758921471985200e-01
2.527936293756536390e-01,6.022705621941093490e-01,3.094136759429273464e-01,7.301458880065708756e-01,3.474285353449736991e-01,5.606107789786192175e-01
2.827178754951220063e-01,5.181957166932764647e-01,7.301458880065708756e-01,2.117132660534162270e-01,2.477825040613891860e-01,1.424025108459489597e-01
6.117257950323471416e-01,6.213346656287567216e-01,3.474285353449736991e-01,2.477825040613891860e-01,7.869555532490817296e-01,4.407449550515651904e-01
6.373429227263909258e-01,7.004758921471985200e-01,5.606107789786192175e-01,1.424025108459489597e-01,4.407449550515651904e-01,9.660614119718051729e-01
