4.855116318892989113e-01,3.586104345536208493e-01,4.017514017072397192e-01,1.669593382337280496e-01,4.327511301302708335e-01,5.155287656144116326e-01
3.586104345536208493e-01,2.486376840746846728e-01,2.572931942793378890e-01,8.075030671515139868e-01,5.495274034545138964e-01,3.172663056413857485e-01
4.017514017072397192e-01,2.572931942793378890e-01,4.304559623050771000e-01,3.597982160187208622e-01,9.637307449364239664e-01,7.978509981868154854e-01
1.669593382337280496e-01,8.075030671515139868e-01,3.597982160187208622e-01,6.172786092867745822e-01,5.463376969772758551e-01,4.390690218361321118e-01
4.327511301302708335e-01,5.495274034545138964e-01,9.637307449364239664e-01,5.463376969772758551e-01,3.853262621699807822e-01,4.729888642234991725e-01
5.155287656144116326e-01,3.172663056413857485e-01,7.978509981868154854e-01,4.390690218361321118e-01,4.729888642234991725e-01,8.255133678506983985e-01
