7.887308818769711571e-02,7.061329572565504531e-01,3.438687734253504380e-01,2.879438889307276983e-01,6.497448031679262659e-01,3.047636060054682017e-01
7.061329572565504531e-01,5.577820230650932798e-01,1.887168893514747370e-01,7.900151131724413300e-01,6.517178417036226801e-01,5.207803600973239799e-01
3.438687734253504380e-01,1.887168893514747370e-01,7.123048035548861234e-01,5.891511027340713413e-01,2.683834629712131825e-01,2.774759167039789198e-01
2.879438889307276983e-01,7.900151131724413300e-01,5.891511027340713413e-01,3.364947752483578025e-01,5.003381596117114638e-01,2.226938262083159037e-01
6.497448031679262659e-01,6.517178417036226801e-01,2.683834629712131825e-01,5.003381596117114638e-01,9.483195034460988326e-01,2.312109936357600315e-01
3.047636060054682017e-01,5.207803600973239799e-01,2.774759167039789198e-01,2.226938262083159037e-01,2.312109936357600315e-01,9.250129646020518459e-01
