5.174487735394399657e-01,7.682782788983038014e-01,4.011911685713299147e-01,6.273378632598370919e-01,3.263803673380026305e-01,6.260341998119313134e-01,5.920877995028710483e-01
7.682782788983038014e-01,8.962253827881255797e-01,4.379653957046742985e-01,4.987585213108619020e-01,4.142644274571453122e-01,4.436391763786744491e-01,5.049432466544977460e-01
4.011911685713299147e-01,4.379653957046742985e-01,2.107370039311518006e-02,7.586509281032349783e-01,6.577475414773614748e-01,5.042776917204714326e-01,2.099415152919567595e-01
6.273378632598370919e-01,4.987585213108619020e-01,7.586509281032349783e-01,2.349682616660582202e-01,4.278018215831289606e-01,2.412821868833841532e-01,3.529255291662158900e-01
3.263803673380026305e-01,4.142644274571453122e-01,6.577475414773614748e-01,4.278018215831289606e-01,4.497623566452805255e-01,4.144005073553027052e-01,6.311866528074194793e-01
6.260341998119313134e-01,4.436391763786744491e-01,5.042776917204714326e-01,2.412821868833841532e-01,4.144005073553027052e-01,8.117247819641216777e-01,5.874529645864935423e-01
5.920877995028710483e-01,5.049432466544977460e-01,2.099415152919567595e-01,3.529255291662158900e-01,6.311866528074194793e-01,5.874529645864935423e-01,8.251620802554273659e-01
