6.990899225567835940e-01,2.917962160927942139e-01,5.203841076514059694e-01,3.466371327385049939e-01,6.959036509306345542e-01,3.921389502032418539e-01
2.917962160927942139e-01,9.007962010375958339e-01,5.704519247960667672e-01,4.566874789539459023e-01,5.088318246761758257e-01,7.218683183300933504e-01
5.203841076514059694e-01,5.704519247960667672e-01,6.552081946534077384e-01,6.949751872883425108e-02,7.770281178791517140e-01,1.487240595476148619e-01
3.466371327385049939e-01,4.566874789539459023e-01,6.949751872883425108e-02,2.282278006782588742e-01,5.072514267406442734e-01,2.444385783551432656e-01
6.959036509306345542e-01,5.088318246761758257e-01,7.770281178791517140e-01,5.072514267406442734e-01,9.087654683610162376e-01,4.658764563062935404e-01
3.921389502032418539e-01,7.218683183300933504e-01,1.487240595476148619e-01,2.444385783551432656e-01,4.658764563062935404e-01,2.366393926405822024e-01
