3.224458362510888021e-01,6.700785852786907970e-01,6.434934128597606939e-01,5.986707802569630754e-01,3.909710706292292004e-01,5.844840687648558131e-01
6.700785852786907970e-01,1.062256706547998197e-01,5.717317748871431071e-01,2.640317843016019017e-01,7.020353587737202528e-01,6.315252934407398211e-01
6.434934128597606939e-01,5.717317748871431071e-01,3.059280629113636518e-02,2.245823478717956512e-01,7.959915054748156749e-01,5.368945522210910593e-01
5.986707802569630754e-01,2.640317843016019017e-01,2.245823478717956512e-01,7.411209425781581928e-01,4.045972113461884789e-01,4.173858706130623153e-01
3.909710706292292004e-01,7.020353587737202528e-01,7.959915054748156749e-01,4.045972113461884789e-01,5.784380073895699637e-01,4.257214699238264788e-01
5.844840687648558131e-01,6.315252934407398211e-01,5.368945522210910593e-01,4.173858706130623153e-01,4.257214699238264788e-01,5.084510166165672196e-01
