8.863612907456749346e-01,7.320228323497637302e-01,4.872471131439965464e-01,8.097640321607292302e-01,3.099672105234707598e-01,4.052106880071909001e-01
7.320228323497637302e-01,1.219541623960057608e-01,6.586322141301734767e-01,2.258681634389217430e-01,6.700888298168514723e-01,4.353006450703408858e-01
4.872471131439965464e-01,6.586322141301734767e-01,5.296522268266213862e-01,8.144309151104465183e-01,4.225545522307744828e-01,4.177247556347710167e-01
8.097640321607292302e-01,2.258681634389217430e-01,8.144309151104465183e-01,1.272534094785507941e-01,4.951272382249666260e-01,5.688781663886737228e-01
3.099672105234707598e-01,6.700888298168514723e-01,4.225545522307744828e-01,4.951272382249666260e-01,1.277800495995078389e-01,4.598004339280904462e-01
4.052106880071909001e-01,4.353006450703408858e-01,4.177247556347710167e-01,5.688781663886737228e-01,4.598004339280904462e-01,2.885905569499387369e-01
