3.019155396099250099e-01,6.845956713419760753e-01,7.020113474250706531e-01,3.231271426837395988e-01,3.941945404939465880e-01,3.500125138143312387e-01
6.845956713419760753e-01,5.045011097365643682e-01,5.021459341206275795e-01,5.232252443716152168e-01,5.191300953082048641e-01,7.312889146969911991e-01
7.020113474250706531e-01,5.021459341206275795e-01,5.047075948450490124e-01,3.389225093876498951e-01,4.326665876910578135e-01,3.167018052230016201e-01
3.231271426837395988e-01,5.232252443716152168e-01,3.389225093876498951e-01,6.193707343482118821e-01,4.947853735091148897e-01,4.486213750244461562e-01
3.941945404939465880e-01,5.191300953082048641e-01,4.326665876910578135e-01,4.947853735091148897e-01,7.521118019597710092e-01,2.860271408781071001e-01
3.500125138143312387e-01,7.312889146969911991e-01,3.167018052230016201e-01,4.486213750244461562e-01,2.860271408781071001e-01,1.799908807756903650e-01
