1.541530122194850749e-01,5.486179576024938775e-01
8.281768560769642296e-01,6.305805327692000084e-01
