1.219087722162447429e-01,3.571904288558529483e-01,3.875801181874933832e-01,4.427355116856298567e-01,6.611317088750479076e-01,3.631107471686355059e-01
3.571904288558529483e-01,1.345732257132947751e-02,9.061479578317874761e-01,1.733708057015633797e-01,4.481906544984001206e-01,2.545944467872183758e-01
3.875801181874933832e-01,9.061479578317874761e-01,4.206117701315714719e-01,1.151750642488087450e-01,5.772443083162159816e-01,1.729157322039613920e-01
4.427355116856298567e-01,1.733708057015633797e-01,1.151750642488087450e-01,8.588342111084615871e-01,4.278354231775886030e-01,5.035831365099499024e-01
6.611317088750479076e-01,4.481906544984001206e-01,5.772443083162159816e-01,4.278354231775886030e-01,8.773231980892678417e-01,5.055644391487574829e-01
3.631107471686355059e-01,2.545944467872183758e-01,1.729157322039613920e-01,5.035831365099499024e-01,5.055644391487574829e-01,3.696475426731070657e-01
