8.553339409027472806e-01,6.684845965212877772e-01,1.974731542674338369e-01,4.630828440490727393e-01,4.087847281588251613e-01,4.566695159739445620e-01
6.684845965212877772e-01,8.908687553839861328e-01,5.317822067378055184e-01,6.851124609848378011e-01,1.183669683277587814e-01,7.462228467299960588e-01
1.974731542674338369e-01,5.317822067378055184e-01,4.376167764372083102e-01,7.728568816348507786e-01,7.083004451896606213e-01,6.668874402204463259e-01
4.630828440490727393e-01,6.851124609848378011e-01,7.728568816348507786e-01,2.339905004833432445e-01,7.143460281268720902e-01,5.276614996407619218e-01
4.087847281588251613e-01,1.183669683277587814e-01,7.083004451896606213e-01,7.143460281268720902e-01,7.228907412354628192e-01,1.483594769315556561e-01
4.566695159739445620e-01,7.462228467299960588e-01,6.668874402204463259e-01,5.276614996407619218e-01,1.483594769315556561e-01,6.869093789283423623e-01
