8.820051091439413682e-01,7.158773479976737741e-01,4.549339425030979323e-01,1.628726510824931029e-01,5.175152542341134865e-01,2.591114325161959497e-01,1.521892116373254611e-01
7.158773479976737741e-01,3.272395985585357936e-01,5.083222936766798039e-01,8.690551333826450620e-01,4.408861060556960032e-01,7.067549752011366149e-01,4.360421570252530632e-01
4.549339425030979323e-01,5.083222936766798039e-01,9.579695625057141894e-01,3.615352747256760924e-01,9.796367889687257469e-02,7.351436114274367828e-01,6.291318921194006819e-01
1.628726510824931029e-01,8.690551333826450620e-01,3.615352747256760924e-01,8.090461106290265381e-01,3.359693688676261836e-01,7.808613717194117232e-01,4.977425016817361714e-01
5.175152542341134865e-01,4.408861060556960032e-01,9.796367889687257469e-02,3.359693688676261836e-01,9.935112371208082438e-01,5.368705103924810151e-01,4.208888870630579926e-01
2.591114325161959497e-01,7.067549752011366149e-01,7.351436114274367828e-01,7.808613717194117232e-01,5.368705103924810151e-01,6.654669568104760735e-01,4.768229035244972991e-01
1.521892116373254611e-01,4.360421570252530632e-01,6.291318921194006819e-01,4.977425016817361714e-01,4.208888870630579926e-01,4.768229035244972991e-01,2.661018416219813609e-01
