8.698693994907746863e-03,3.673273663048049475e-01,4.733818545080049622e-01,4.579638053264334374e-01,3.992385358587399735e-01,4.892057223010397027e-01
3.673273663048049475e-01,9.736221383677358121e-01,7.771076361677065059e-01,3.892039098270931308e-01,4.188182973009854648e-01,2.557681541578157303e-01
4.733818545080049622e-01,7.771076361677065059e-01,5.782987635839113016e-01,1.504397566244173312e-01,3.771831793323900950e-01,5.977761725351398159e-01
4.579638053264334374e-01,3.892039098270931308e-01,1.504397566244173312e-01,2.352730359119501458e-01,4.338297225501051013e-01,3.980842352442107712e-01
3.992385358587399735e-01,4.188182973009854648e-01,3.771831793323900950e-01,4.338297225501051013e-01,3.976073193365802227e-01,6.584774656768889178e-01
4.892057223010397027e-01,2.557681541578157303e-01,5.977761725351398159e-01,3.980842352442107712e-01,6.584774656768889178e-01,9.943492983496502458e-01
