4.106656521173197572e-01,5.108280049051148186e-01,7.202657344910807780e-01,3.934584679713837296e-01,3.146016244802428696e-01,5.672812264904454338e-01,1.508626684377226690e-01
5.108280049051148186e-01,3.543637268843115029e-01,1.944658067414502534e-01,4.173340174258333146e-01,7.176583332388741798e-01,6.112062180918064191e-01,7.533953066007440524e-01
7.202657344910807780e-01,1.944658067414502534e-01,9.973582804566432092e-01,2.256323542667435511e-01,5.118713789940820824e-01,4.904841811434385024e-01,8.239624215788923234e-01
3.934584679713837296e-01,4.173340174258333146e-01,2.256323542667435511e-01,5.554542702957109279e-01,3.916100529288892296e-01,3.698568907096055347e-01,7.160646665295469226e-01
3.146016244802428696e-01,7.176583332388741798e-01,5.118713789940820824e-01,3.916100529288892296e-01,8.329293618540795086e-01,5.450360357052508320e-01,9.065106384782002369e-01
5.672812264904454338e-01,6.112062180918064191e-01,4.904841811434385024e-01,3.698568907096055347e-01,5.450360357052508320e-01,5.549254427450593941e-01,3.872979634618162192e-01
1.508626684377226690e-01,7.533953066007440524e-01,8.239624215788923234e-01,7.160646665295469226e-01,9.065106384782002369e-01,3.872979634618162192e-01,5.476787148395061422e-01
