4.679083657021703146e-01,6.744053187692788942e-01,5.948532733165747821e-01,4.549454087306284422e-01,4.705045209814699425e-01,7.262167402742121247e-01
6.744053187692788942e-01,9.334536019937569318e-01,3.931199441468052336e-01,2.243962484172853933e-01,7.110571656534996343e-01,7.005434798657141915e-01
5.948532733165747821e-01,3.931199441468052336e-01,7.087800915995047246e-01,6.578458816047589863e-01,4.261164926796595087e-01,7.997595613328127850e-01
4.549454087306284422e-01,2.243962484172853933e-01,6.578458816047589863e-01,7.609138689297767488e-02,3.125635353362458679e-01,6.727126699954937283e-01
4.705045209814699425e-01,7.110571656534996343e-01,4.261164926796595087e-01,3.125635353362458679e-01,8.253079590271963362e-01,6.599098548960915522e-01
7.262167402742121247e-01,7.005434798657141915e-01,7.997595613328127850e-01,6.727126699954937283e-01,6.599098548960915522e-01,4.549978129199986343e-01
