6.653998507803162710e-01,7.572249278623290891e-01,3.150680974504164733e-01,5.680846231344469643e-01,4.607278841231169375e-01,7.545908436235753136e-01
7.572249278623290891e-01,8.733486903039882066e-01,5.899161958795885452e-01,5.652586450238976656e-01,4.964227183581980674e-01,5.911321855059781250e-01
3.150680974504164733e-01,5.899161958795885452e-01,8.521593496852220007e-02,3.891383079388173183e-01,5.783053754344850139e-01,3.955696168201680019e-01
5.680846231344469643e-01,5.652586450238976656e-01,3.891383079388173183e-01,4.031406838601960807e-01,2.222735798229039106e-01,5.449276023431217642e-01
4.607278841231169375e-01,4.964227183581980674e-01,5.783053754344850139e-01,2.222735798229039106e-01,8.419555855794951249e-01,4.048085826571405366e-01
7.545908436235753136e-01,5.911321855059781250e-01,3.955696168201680019e-01,5.449276023431217642e-01,4.048085826571405366e-01,3.454176853771601108e-01
