8.416595023123636388e-01,6.862850612391281357e-01,4.737023680417163929e-01,6.318011992879268846e-01,6.457937044315543718e-01,3.949131534428240720e-01
6.862850612391281357e-01,9.672514229795807772e-01,5.454124994082611977e-01,3.091250367611064198e-01,4.602442823012763418e-01,5.953165867818555057e-01
4.737023680417163929e-01,5.454124994082611977e-01,5.644799474977703069e-01,6.429955330785741552e-01,7.668760208824335622e-01,5.438368244560130016e-01
6.318011992879268846e-01,3.091250367611064198e-01,6.429955330785741552e-01,6.647843908984363281e-02,8.386678393999624781e-01,4.475218587682435745e-01
6.457937044315543718e-01,4.602442823012763418e-01,7.668760208824335622e-01,8.386678393999624781e-01,9.192149611245459262e-01,7.413868563540200185e-01
3.949131534428240720e-01,5.953165867818555057e-01,5.438368244560130016e-01,4.475218587682435745e-01,7.413868563540200185e-01,4.456319345042403235e-01
