9.895965955458986274e-01,4.882934070255860459e-01,5.675566581041844305e-01,7.523558822993569040e-01,4.889882940906001840e-01,7.720236279921184330e-01,3.477830894855299393e-01
4.882934070255860459e-01,2.590369252912536613e-01,2.768425513067623300e-01,4.172072717464249680e-01,6.933108759278554523e-01,6.515440394208793506e-01,4.837055984180488877e-01
5.675566581041844305e-01,2.768425513067623300e-01,4.878427447289809260e-01,3.856977513331711904e-01,4.675963763720592525e-01,2.961129579020008729e-01,2.718718075463221751e-01
7.523558822993569040e-01,4.172072717464249680e-01,3.856977513331711904e-01,4.287044481981139299e-01,2.629139697385062258e-01,4.026836037286178893e-01,3.459018508477472165e-01
4.889882940906001840e-01,6.933108759278554523e-01,4.675963763720592525e-01,2.629139697385062258e-01,4.443230050979894985e-01,3.728190786011204017e-01,1.344184717557854181e-01
7.720236279921184330e-01,6.515440394208793506e-01,2.961129579020008729e-01,4.026836037286178893e-01,3.728190786011204017e-01,8.059434612057644332e-01,5.809761132774340364e-01
3.477830894855299393e-01,4.837055984180488877e-01,2.718718075463221751e-01,3.459018508477472165e-01,1.344184717557854181e-01,5.809761132774340364e-01,8.375789008875669239e-01
