1.275067962341692729e-01,2.854561539206164067e-01,3.449171510621770187e-01,1.943019549162237625e-01,7.538959256057748970e-01,4.640782830116899627e-01
2.854561539206164067e-01,1.248532199612578664e-01,2.694893655236099694e-01,4.127197739832847434e-01,1.316396682053933009e-01,2.595967868643814791e-01
3.449171510621770187e-01,2.694893655236099694e-01,6.348137083677776182e-01,4.775543379049851378e-01,6.767663311271981952e-01,4.140296661541331136e-01
1.943019549162237625e-01,4.127197739832847434e-01,4.775543379049851378e-01,8.115262421745614851e-01,6.330312244891378448e-01,6.120482940252371939e-01
7.538959256057748970e-01,1.316396682053933009e-01,6.767663311271981952e-01,6.330312244891378448e-01,6.209403110688882510e-02,2.990460516641667565e-01
4.640782830116899627e-01,2.595967868643814791e-01,4.140296661541331136e-01,6.120482940252371939e-01,2.990460516641667565e-01,5.275340826872668698e-01
