7.953670206233037776e-01,4.492245564569206651e-01,7.268743624538926973e-01,5.205653008155749495e-01,5.393576260281429668e-01,8.899370821282119870e-01,3.443027370792947628e-01
4.492245564569206651e-01,5.362779456516054699e-01,4.054397105454485284e-01,5.148095132081201841e-01,3.470085480869035677e-01,3.663553550864441233e-01,2.437465140692448573e-01
7.268743624538926973e-01,4.054397105454485284e-01,5.833147251686443546e-02,5.813001883075621379e-01,5.673480856783328363e-01,4.952666961801334700e-01,6.081252017190613701e-01
5.205653008155749495e-01,5.148095132081201841e-01,5.813001883075621379e-01,8.277835465619780564e-01,4.606225659765670333e-01,5.357042053641818402e-01,6.400116548452365883e-01
5.393576260281429668e-01,3.470085480869035677e-01,5.673480856783328363e-01,4.606225659765670333e-01,7.755665787812751066e-01,2.213665698188799213e-01,5.969643631548736673e-01
8.899370821282119870e-01,3.663553550864441233e-01,4.952666961801334700e-01,5.357042053641818402e-01,2.213665698188799213e-01,6.018848601191820746e-01,7.318431790147439386e-01
3.443027370792947628e-01,2.437465140692448573e-01,6.081252017190613701e-01,6.400116548452365883e-01,5.969643631548736673e-01,7.318431790147439386e-01,5.583142672839153109e-01
