2.496235476973654999e-01,8.195458659194538864e-01,2.744095530185735599e-01,3.877711661491432538e-01,8.380707145404771019e-01,2.748985380785386456e-01
8.195458659194538864e-01,5.625941107165643995e-01,6.401612295010282727e-01,7.633908972148480965e-01,2.410129980078881129e-01,7.780901673095708126e-01
2.744095530185735599e-01,6.401612295010282727e-01,1.500770648078120217e-01,3.571942542271130394e-01,3.373809449586184228e-01,6.484335175136881624e-01
3.877711661491432538e-01,7.633908972148480965e-01,3.571942542271130394e-01,9.492657024126982535e-01,4.884706796396086070e-01,4.596916732302884223e-01
8.380707145404771019e-01,2.410129980078881129e-01,3.373809449586184228e-01,4.884706796396086070e-01,9.056591282170320945e-01,4.256628874700804643e-01
2.748985380785386456e-01,7.780901673095708126e-01,6.484335175136881624e-01,4.596916732302884223e-01,4.256628874700804643e-01,4.542954012349263992e-01
