5.024521434929374308e-03,7.740127365900864032e-01,3.403044735941327947e-01,7.580080636041405251e-01,3.243572375267574359e-01,5.188245621077424152e-01,3.072820856419618551e-01
7.740127365900864032e-01,4.100170018942150829e-02,5.496242263797539440e-01,1.324551813378994081e-01,6.148894447076800329e-01,7.739146948939811255e-01,5.636999522259604767e-01
3.403044735941327947e-01,5.496242263797539440e-01,3.492134386388869860e-01,4.904592959664887397e-01,5.249388099778525829e-01,2.827020599278523005e-01,4.368418934944987009e-01
7.580080636041405251e-01,1.324551813378994081e-01,4.904592959664887397e-01,3.023456442843844849e-01,9.166975133042722934e-01,7.620776401482591833e-01,7.920623099632142505e-01
3.243572375267574359e-01,6.148894447076800329e-01,5.249388099778525829e-01,9.166975133042722934e-01,7.115123706182674423e-01,3.668582710078198139e-01,6.471861738195139324e-01
5.188245621077424152e-01,7.739146948939811255e-01,2.827020599278523005e-01,7.620776401482591833e-01,3.668582710078198139e-01,1.017282655866716956e-01,8.534070016596015940e-01
3.072820856419618551e-01,5.636999522259604767e-01,4.368418934944987009e-01,7.920623099632142505e-01,6.471861738195139324e-01,8.534070016596015940e-01,3.420900865749385567e-01
