5.971326127193579136e-01,2.392392928907467464e-01,4.208154226899611383e-01,4.327775837538132553e-01,3.018260683327881888e-01,5.753367118059702356e-01
2.392392928907467464e-01,6.784537888509583059e-01,4.224359737441915064e-01,2.107405904660638041e-01,5.652416147859120610e-01,8.008906790252245944e-01
4.208154226899611383e-01,4.224359737441915064e-01,9.266329665677189853e-01,9.358429591135370984e-01,3.482152219147926497e-01,1.376906332827726454e-01
4.327775837538132553e-01,2.107405904660638041e-01,9.358429591135370984e-01,8.555022280053031780e-01,6.011644605651734752e-01,5.951802339407196163e-01
3.018260683327881888e-01,5.652416147859120610e-01,3.482152219147926497e-01,6.011644605651734752e-01,5.322169676859618281e-01,5.526616577720442347e-01
5.753367118059702356e-01,8.008906790252245944e-01,1.376906332827726454e-01,5.951802339407196163e-01,5.526616577720442347e-01,4.654322538301035594e-01
