4.625096160130494072e-01,7.730810248346018376e-01,4.426977088703297203e-01,7.393928237816758120e-01,6.782616218660726393e-01,4.707643159028457314e-01
7.730810248346018376e-01,7.527597337058643534e-01,1.433880153573975913e-01,8.694171200058814497e-01,4.018557700157153745e-01,5.230952212204215135e-02
4.426977088703297203e-01,1.433880153573975913e-01,2.700614821395715959e-01,8.058452043839515744e-01,4.675742794703426353e-01,6.378252497631833329e-01
7.393928237816758120e-01,8.694171200058814497e-01,8.058452043839515744e-01,8.059339302861712184e-01,6.892524111963427291e-01,3.488848959106395364e-01
6.782616218660726393e-01,4.018557700157153745e-01,4.675742794703426353e-01,6.892524111963427291e-01,4.590818478137763670e-01,5.905092847514384902e-01
4.707643159028457314e-01,5.230952212204215135e-02,6.378252497631833329e-01,3.488848959106395364e-01,5.905092847514384902e-01,5.308909418954177450e-02
