1.978812391050983610e-01,8.827010079146957455e-01,2.383690533161613168e-01,5.900996105465248220e-01,5.565973610884056288e-01,6.816062596559555598e-01,4.540706795290367359e-01
8.827010079146957455e-01,7.382063537492398186e-01,8.234172331875584394e-01,7.045229765484715134e-01,5.573467130718898765e-01,8.148708428760373934e-01,5.244616783393588610e-01
2.383690533161613168e-01,8.234172331875584394e-01,5.249642576621229573e-01,5.378706274748437099e-01,4.641949938848567991e-01,9.188262804940122708e-01,4.244843153037482497e-01
5.900996105465248220e-01,7.045229765484715134e-01,5.378706274748437099e-01,6.280060390574556672e-01,7.563835275337935649e-01,1.120147948662237880e-01,5.338358277756872772e-01
5.565973610884056288e-01,5.573467130718898765e-01,4.641949938848567991e-01,7.563835275337935649e-01,8.777639123148943678e-01,5.928219264382719178e-01,4.409855001160600252e-01
6.816062596559555598e-01,8.148708428760373934e-01,9.188262804940122708e-01,1.120147948662237880e-01,5.928219264382719178e-01,4.985944533655652933e-01,4.720180221461697800e-01
4.540706795290367359e-01,5.244616783393588610e-01,4.244843153037482497e-01,5.338358277756872772e-01,4.409855001160600252e-01,4.720180221461697800e-01,5.266338798885817907e-01
