4.148534831514827381e-02,4.512572729924787529e-01,1.972073403056326946e-01,8.732513340991785444e-01,4.951224305204591225e-01,5.835681910833958597e-01
4.512572729924787529e-01,3.516639827513889927e-02,3.050882583447063756e-01,2.044770294092160268e-01,1.226277128115659254e-01,4.098192407581423002e-01
1.972073403056326946e-01,3.050882583447063756e-01,3.942387345698443735e-01,6.033451058241017240e-01,6.300763311042616444e-01,4.388535704064698284e-01
8.732513340991785444e-01,2.044770294092160268e-01,6.033451058241017240e-01,1.246722860750542061e-01,3.108029551010230707e-01,4.982405777309527606e-01
4.951224305204591225e-01,1.226277128115659254e-01,6.300763311042616444e-01,3.108029551010230707e-01,3.588952567792100812e-01,9.125933288152772160e-01
5.835681910833958597e-01,4.098192407581423002e-01,4.388535704064698284e-01,4.982405777309527606e-01,9.125933288152772160e-01,8.542137206039078778e-01
