2.706178602944475653e-02,2.224234946559322523e-02,2.509927023968980819e-01,5.892226806653877436e-01,2.611234734988430173e-01,5.734770476895810765e-01
2.224234946559322523e-02,4.215280869667795693e-01,5.410434852299375041e-01,4.508979464660751724e-01,1.262526738819894634e-01,5.045666811578500832e-01
2.509927023968980819e-01,5.410434852299375041e-01,7.075755633050249127e-01,2.294297683711217228e-01,6.485130388554589675e-01,2.597443548029673144e-01
5.892226806653877436e-01,4.508979464660751724e-01,2.294297683711217228e-01,9.340492355376917022e-02,8.348957453926398875e-01,7.041997524195937608e-01
2.611234734988430173e-01,1.262526738819894634e-01,6.485130388554589675e-01,8.348957453926398875e-01,1.111470947923482999e-01,2.823913635539340161e-01
5.734770476895810765e-01,5.045666811578500832e-01,2.597443548029673144e-01,7.041997524195937608e-01,2.823913635539340161e-01,1.519432512725030771e-01
