1.989429099848618598e-01,4.259577618872091298e-01,2.056935761084076053e-01,2.840925933310887164e-01,5.657026789310091175e-01,7.403244554990882076e-01
4.259577618872091298e-01,9.182851845023229931e-01,3.098067826184854878e-01,3.934575735877157698e-01,2.768816016089922782e-01,4.778901137877236138e-01
2.056935761084076053e-01,3.098067826184854878e-01,6.344489429477945253e-01,4.476330389845694091e-01,7.358975415932438313e-01,5.754480115265756535e-01
2.840925933310887164e-01,3.934575735877157698e-01,4.476330389845694091e-01,5.420913111605226709e-01,3.342133220157612050e-01,6.455928068688716603e-01
5.657026789310091175e-01,2.768816016089922782e-01,7.358975415932438313e-01,3.342133220157612050e-01,5.353966947041539637e-01,5.451526948415910123e-01
7.403244554990882076e-01,4.778901137877236138e-01,5.754480115265756535e-01,6.455928068688716603e-01,5.451526948415910123e-01,5.407481511663078111e-01
