6.687034689274390376e-01,4.893156611249147026e-01,3.274991771360479254e-01,6.503335853505713970e-01,3.962474310728849591e-01,7.618036964337617789e-01
4.893156611249147026e-01,7.135252803546968670e-01,8.500168295798351537e-01,2.929192077158325191e-01,5.773125535918611773e-01,2.084296661413553298e-01
3.274991771360479254e-01,8.500168295798351537e-01,3.627276768299664278e-01,7.392520507335837987e-01,5.988033320396553005e-01,2.445615513115204642e-01
6.503335853505713970e-01,2.929192077158325191e-01,7.392520507335837987e-01,2.827588402087446440e-01,6.151187225154769456e-01,5.961116601215810107e-01
3.962474310728849591e-01,5.773125535918611773e-01,5.988033320396553005e-01,6.151187225154769456e-01,7.367103143364560625e-01,2.311477179686104444e-01
7.618036964337617789e-01,2.084296661413553298e-01,2.445615513115204642e-01,5.961116601215810107e-01,2.311477179686104444e-01,8.719925613283073806e-01
