6.140045889463903173e-01,3.026590551271761687e-01,5.928667872440087638e-01,4.819032285991369235e-01,2.191785380443687092e-01,6.908504684188889744e-01
3.026590551271761687e-01,7.649411177218579105e-02,6.414026169041602277e-01,1.785128290585428767e-01,6.712881014602545271e-01,1.546369945689616276e-01
5.928667872440087638e-01,6.414026169041602277e-01,6.835082603815285651e-01,4.268998917352685440e-01,2.987120773889291314e-01,5.613497705642508384e-01
4.819032285991369235e-01,1.785128290585428767e-01,4.268998917352685440e-01,3.737810305097719610e-01,3.794875336516443376e-01,6.715431991890674635e-01
2.191785380443687092e-01,6.712881014602545271e-01,2.987120773889291314e-01,3.794875336516443376e-01,4.882015272475104251e-02,4.677564187315160216e-01
6.908504684188889744e-01,1.546369945689616276e-01,5.613497705642508384e-01,6.715431991890674635e-01,4.677564187315160216e-01,6.783433475386561051e-01
