2.585522883056908805e-01,4.489678614709912696e-01,3.522505993695754789e-01,2.652405467193729716e-01,5.373340380872342337e-01,5.666241804646350300e-01
4.489678614709912696e-01,2.885503605770235458e-01,5.847623746809437195e-01,5.733062177531089709e-01,3.418126919631871430e-01,4.041070359051931460e-01
3.522505993695754789e-01,5.847623746809437195e-01,8.074954235903109012e-02,4.503896586124356838e-01,2.626613662202393895e-01,3.527428969116309654e-01
2.652405467193729716e-01,5.733062177531089709e-01,4.503896586124356838e-01,1.104136164579209156e-01,5.532700207282896798e-01,5.797851316407166555e-01
5.373340380872342337e-01,3.418126919631871430e-01,2.626613662202393895e-01,5.532700207282896798e-01,7.008392821253708327e-01,5.129657125140738572e-01
5.666241804646350300e-01,4.041070359051931460e-01,3.527428969116309654e-01,5.797851316407166555e-01,5.129657125140738572e-01,7.916597324781059486e-01
