7.432607900306942295e-02,7.640404787740315840e-01,2.685184760627628564e-01,4.861883556307992627e-01,5.815271400202473018e-01,5.519008818616818468e-01
7.640404787740315840e-01,2.959644238181716736e-01,4.557190062520979357e-01,7.173847986976110702e-01,4.263538790869853545e-01,6.526748596828142457e-01
2.685184760627628564e-01,4.557190062520979357e-01,4.614147920006903547e-01,1.179156106229565237e-01,7.958865956663048191e-01,1.866049865104721373e-01
4.861883556307992627e-01,7.173847986976110702e-01,1.179156106229565237e-01,4.971641857212781845e-01,6.608701342749661034e-01,1.552798463335274270e-01
5.815271400202473018e-01,4.263538790869853545e-01,7.958865956663048191e-01,6.608701342749661034e-01,2.935895399772119330e-01,5.379940564184890750e-01
5.519008818616818468e-01,6.526748596828142457e-01,1.866049865104721373e-01,1.552798463335274270e-01,5.379940564184890750e-01,5.237251540222932489e-01
