7.872938725712621544e-01,4.002254140003866922e-01,6.435402956662306106e-01,7.876882587567348715e-01,4.772886326692185599e-01,7.186982550993704644e-01
4.002254140003866922e-01,1.419915553395290075e-01,5.127875884096935177e-01,4.814242009358824514e-01,5.243391338081198061e-01,6.276498947168265286e-01
6.435402956662306106e-01,5.127875884096935177e-01,1.082555403228819824e-01,8.185314970264483403e-01,7.789367287576667298e-01,4.630953609406728289e-01
7.876882587567348715e-01,4.814242009358824514e-01,8.185314970264483403e-01,9.433455832615040837e-01,6.516683671876334349e-01,4.543521452809395900e-01
4.772886326692185599e-01,5.243391338081198061e-01,7.789367287576667298e-01,6.516683671876334349e-01,4.325017661060900354e-01,8.023238431580971275e-01
7.186982550993704644e-01,6.276498947168265286e-01,4.630953609406728289e-01,4.543521452809395900e-01,8.023238431580971275e-01,9.222742802764616332e-02
