2.151146076337460133e-01,3.675785232723222107e-02,2.858639255522998912e-01,6.012531650792427573e-01,5.228727048546237821e-01,5.483111446429078661e-01,4.807573051259396157e-01
3.675785232723222107e-02,7.957906713291768019e-01,6.981497618489986845e-01,6.808538378512147826e-01,4.446629748639683855e-01,3.972428202422013666e-01,8.789392771878851152e-02
2.858639255522998912e-01,6.981497618489986845e-01,3.882397032598239317e-01,4.731722700712422958e-01,3.909249912458929166e-01,4.717594200230287860e-01,1.937150956960737580e-01
6.012531650792427573e-01,6.808538378512147826e-01,4.731722700712422958e-01,5.184740347489665835e-01,9.470500336700109489e-01,3.744950636714951542e-01,4.260209409694584726e-01
5.228727048546237821e-01,4.446629748639683855e-01,3.909249912458929166e-01,9.470500336700109489e-01,4.726132434624136236e-01,3.540275738422534735e-01,5.769941270539840072e-01
5.483111446429078661e-01,3.972428202422013666e-01,4.717594200230287860e-01,3.744950636714951542e-01,3.540275738422534735e-01,9.876986725065469708e-01,6.602713882843371795e-01
4.807573051259396157e-01,8.789392771878851152e-02,1.937150956960737580e-01,4.260209409694584726e-01,5.769941270539840072e-01,6.602713882843371795e-01,5.352043899688976314e-01
