6.588120614598959035e-01,5.993807703817841670e-01,2.947818513358943515e-01,3.357988194908735902e-01,6.370684327131947988e-01,3.912203990929953301e-01
5.993807703817841670e-01,6.100611340093816670e-01,2.106171706444486258e-01,7.048443005709743581e-01,2.992198056701255160e-01,3.117830539262202438e-01
2.947818513358943515e-01,2.106171706444486258e-01,5.843216136499670421e-01,3.840134935870908039e-01,3.119966117360604141e-01,9.456131300356664937e-01
3.357988194908735902e-01,7.048443005709743581e-01,3.840134935870908039e-01,8.358613482525409921e-01,4.099073423171278319e-01,1.486751610440423255e-01
6.370684327131947988e-01,2.992198056701255160e-01,3.119966117360604141e-01,4.099073423171278319e-01,3.585323319540579812e-01,4.322979065776976215e-01
3.912203990929953301e-01,3.117830539262202438e-01,9.456131300356664937e-01,1.486751610440423255e-01,4.322979065776976215e-01,1.123197258422861111e-01
