2.628840155478938678e-01,6.298410631355573219e-01,5.297489568607518517e-01,6.627447728279785011e-01,7.419957258554967794e-01,3.955428832129390671e-01
6.298410631355573219e-01,8.238615721224984423e-02,5.843961514823998726e-01,2.467567853096430674e-01,4.373744017331304135e-01,5.004709910011202467e-01
5.297489568607518517e-01,5.843961514823998726e-01,6.865100941174954174e-01,3.159782115345078357e-01,5.584884844697710626e-01,7.610940453620085311e-01
6.627447728279785011e-01,2.467567853096430674e-01,3.159782115345078357e-01,9.580808156384184038e-01,2.999290118990161624e-01,2.219597987176797349e-01
7.419957258554967794e-01,4.373744017331304135e-01,5.584884844697710626e-01,2.999290118990161624e-01,9.308650639865813092e-01,6.213914488554554971e-01
3.955428832129390671e-01,5.004709910011202467e-01,7.610940453620085311e-01,2.219597987176797349e-01,6.213914488554554971e-01,5.312248464830302552e-01
