3.145276755516862588e-01,5.326202949497047534e-01,3.790578651106139008e-01,7.525523712942907562e-01,4.327120619811198332e-01,2.290462862151815826e-01
5.326202949497047534e-01,6.205764641518990432e-01,4.745902454931248404e-01,4.691334074531838261e-01,7.218550953344193832e-01,4.601822515069374231e-01
3.790578651106139008e-01,4.745902454931248404e-01,4.152025755268913265e-01,7.280900015726952113e-01,5.976380092225069829e-01,6.916268504152225383e-01
7.525523712942907562e-01,4.691334074531838261e-01,7.280900015726952113e-01,8.173380509001391125e-01,3.037494795704497319e-01,1.181009018309905900e-01
4.327120619811198332e-01,7.218550953344193832e-01,5.976380092225069829e-01,3.037494795704497319e-01,1.712181648444706106e-01,7.196789324803365417e-01
2.290462862151815826e-01,4.601822515069374231e-01,6.916268504152225383e-01,1.181009018309905900e-01,7.196789324803365417e-01,5.667932612612357479e-01
