5.860718151244262986e-01,3.277004683686381425e-01,6.339117209976743439e-01,3.122782380769141830e-01,2.362814344817246726e-01,5.679537528336203733e-01
3.277004683686381425e-01,6.451012660561650236e-02,4.695944115959624909e-01,6.166319836507332397e-01,4.799751858702255292e-01,5.158741735337042389e-01
6.339117209976743439e-01,4.695944115959624909e-01,1.804394796492692077e-01,7.820652073315248476e-01,7.496230178951908130e-01,5.576171264785592108e-01
3.122782380769141830e-01,6.166319836507332397e-01,7.820652073315248476e-01,1.627373420582377550e-01,5.400577850688517145e-01,5.146037453157168429e-01
2.362814344817246726e-01,4.799751858702255292e-01,7.496230178951908130e-01,5.400577850688517145e-01,8.320431264363048474e-01,5.056396082360508082e-01
5.679537528336203733e-01,5.158741735337042389e-01,5.576171264785592108e-01,5.146037453157168429e-01,5.056396082360508082e-01,9.939919634916886126e-01
