1.793663855721397971e-01,5.544150013709764346e-01,7.265884326444156383e-01,2.858240042238181511e-01,7.099231959837010164e-01,4.531606552922323172e-01
5.544150013709764346e-01,3.325113275538340574e-01,8.987302875277396463e-01,5.782819166589684423e-01,1.027133632120014739e-01,3.837362940128855593e-01
7.265884326444156383e-01,8.987302875277396463e-01,5.464231967111436994e-01,5.373860140464681301e-01,5.925441078362290170e-01,7.646350958740867343e-01
2.858240042238181511e-01,5.782819166589684423e-01,5.373860140464681301e-01,1.385770820528509084e-01,2.329847847378438419e-01,3.272002237390475021e-01
7.099231959837010164e-01,1.027133632120014739e-01,5.925441078362290170e-01,2.329847847378438419e-01,8.202830556937746875e-01,3.655544517205977506e-01
4.531606552922323172e-01,3.837362940128855593e-01,7.646350958740867343e-01,3.272002237390475021e-01,3.655544517205977506e-01,7.709291770431649926e-01
