8.229472844628581418e-01,1.111814975743026235e-01,7.608744241376843576e-01,6.634478015775140403e-01,4.070214836685929760e-01,6.618402400897569482e-01,4.442226931374244625e-01
1.111814975743026235e-01,9.288934611562635890e-01,4.238350716357854875e-01,5.611618347946680796e-01,4.398753881114486619e-01,5.606569393880719288e-01,4.513046051027598815e-01
7.608744241376843576e-01,4.238350716357854875e-01,5.577949794323708854e-01,1.359757236563981508e-01,5.396967251842769153e-01,6.236609877135569358e-01,5.866434818638793791e-01
6.634478015775140403e-01,5.611618347946680796e-01,1.359757236563981508e-01,5.239908066319459712e-01,3.862128614174412111e-01,5.234360825256985095e-01,2.628610429956634298e-01
4.070214836685929760e-01,4.398753881114486619e-01,5.396967251842769153e-01,3.862128614174412111e-01,3.685540820852580834e-01,4.903207934175769500e-01,6.029359842326766916e-01
6.618402400897569482e-01,5.606569393880719288e-01,6.236609877135569358e-01,5.234360825256985095e-01,4.903207934175769500e-01,3.334107283373745068e-01,3.864838086295541153e-01
4.442226931374244625e-01,4.513046051027598815e-01,5.866434818638793791e-01,2.628610429956634298e-01,6.029359842326766916e-01,3.864838086295541153e-01,1.287794086345170896e-01
