2.562943648918517558e-01,4.373725716866040392e-01,6.226082317869546801e-01,7.052736916194255468e-01,2.964565788554606729e-01,3.708977261370247636e-01
4.373725716866040392e-01,5.979901908625112616e-01,1.873784389481853996e-01,3.442312460473398450e-01,7.335386008588320461e-01,4.904621037556964880e-01
6.226082317869546801e-01,1.873784389481853996e-01,4.858075169148551309e-01,4.875077044776496282e-01,5.226042729136142206e-01,7.613772306632642373e-01
7.052736916194255468e-01,3.442312460473398450e-01,4.875077044776496282e-01,8.830381668430583586e-01,4.542122763126176244e-01,2.077189211790286261e-01
2.964565788554606729e-01,7.335386008588320461e-01,5.226042729136142206e-01,4.542122763126176244e-01,9.022051158622310663e-01,3.246448436466507492e-01
3.708977261370247636e-01,4.904621037556964880e-01,7.613772306632642373e-01,2.077189211790286261e-01,3.246448436466507492e-01,2.705788579016586981e-01
