2.876115573050656016e-01,4.798661361302056783e-01,5.620491870678404611e-01,4.127354064642917431e-01,4.766501722897448778e-01,5.814567983953626840e-01,3.314664413270635435e-01
4.798661361302056783e-01,4.948245344088397779e-01,4.350736672573810027e-01,4.464109905907900355e-01,8.355075230622697191e-01,1.938616289020000383e-01,2.495334556296965878e-01
5.620491870678404611e-01,4.350736672573810027e-01,9.003987332162530777e-01,3.570601233710967159e-01,5.741582983646553728e-01,1.779312782611049415e-01,5.600817247873040028e-01
4.127354064642917431e-01,4.464109905907900355e-01,3.570601233710967159e-01,9.328550213384605438e-01,6.435629680031266231e-01,8.266659137910058464e-01,5.999044870721681466e-01
4.766501722897448778e-01,8.355075230622697191e-01,5.741582983646553728e-01,6.435629680031266231e-01,1.834633669919849552e-02,1.480290204693304745e-01,3.051092616583626072e-01
5.814567983953626840e-01,1.938616289020000383e-01,1.779312782611049415e-01,8.266659137910058464e-01,1.480290204693304745e-01,1.706251541487974199e-01,1.994312833784340766e-01
3.314664413270635435e-01,2.495334556296965878e-01,5.600817247873040028e-01,5.999044870721681466e-01,3.051092616583626072e-01,1.994312833784340766e-01,8.963263783673169893e-01
