8.214644583783937692e-01,9.477042672802817869e-01,5.976796962914119327e-01,7.302567258524412797e-01,4.122205687661017470e-01,1.766586507652894156e-01
9.477042672802817869e-01,9.437380364264110755e-01,6.614134261277515581e-01,3.535495044576700274e-01,2.616553604860075710e-01,6.062747795701884934e-01
5.976796962914119327e-01,6.614134261277515581e-01,3.714973868395768930e-01,3.668187406283225926e-01,5.949630131458897297e-01,5.746500552922406690e-01
7.302567258524412797e-01,3.535495044576700274e-01,3.668187406283225926e-01,3.804247836368802593e-01,5.319658460156768687e-01,7.060751339792816772e-01
4.122205687661017470e-01,2.616553604860075710e-01,5.949630131458897297e-01,5.319658460156768687e-01,5.428104389035318667e-01,3.827815263792658240e-01
1.766586507652894156e-01,6.062747795701884934e-01,5.746500552922406690e-01,7.060751339792816772e-01,3.827815263792658240e-01,1.773975460584429342e-01
