3.030870579066646808e-02,3.213577030567357218e-01,5.208384362600946282e-01,4.803651142245242145e-01,6.663586721364490595e-01,9.521727086911807580e-02
3.213577030567357218e-01,9.824930462990874025e-01,5.920349507352336005e-01,3.541009977636114803e-01,4.589655584008009437e-01,1.260216398994900566e-01
5.208384362600946282e-01,5.920349507352336005e-01,2.719481846652063162e-01,7.821388901859513965e-01,5.541172913219850615e-01,7.362291044504213344e-01
4.803651142245242145e-01,3.541009977636114803e-01,7.821388901859513965e-01,1.660241494487038061e-01,6.124013767033875677e-01,7.019330607385163567e-01
6.663586721364490595e-01,4.589655584008009437e-01,5.541172913219850615e-01,6.124013767033875677e-01,8.090717465040836442e-01,1.172262365506894777e-01
9.521727086911807580e-02,1.260216398994900566e-01,7.362291044504213344e-01,7.019330607385163567e-01,1.172262365506894777e-01,1.583821158264691054e-01
