2.648216904284889095e-01,2.430710181493222488e-01,9.998326931073703294e-02,7.426081084783899833e-01,6.203604077742845835e-01,8.376823676829729948e-01
2.430710181493222488e-01,2.210226820703777850e-01,5.501263752893431613e-01,3.167123151297353556e-01,5.133046314286822120e-01,4.307389088190131110e-01
9.998326931073703294e-02,5.501263752893431613e-01,3.694083685346039037e-01,5.075744335241297867e-01,3.295167122509410906e-01,5.971775071037770388e-01
7.426081084783899833e-01,3.167123151297353556e-01,5.075744335241297867e-01,6.833142283867960076e-01,2.932250149101092718e-01,5.468173361806500932e-01
6.203604077742845835e-01,5.133046314286822120e-01,3.295167122509410906e-01,2.932250149101092718e-01,9.230143097703114030e-02,4.170709465171751340e-01
8.376823676829729948e-01,4.307389088190131110e-01,5.971775071037770388e-01,5.468173361806500932e-01,4.170709465171751340e-01,9.629648792242722077e-01
