9.876968573088541481e-01,5.101538346182332706e-01,7.610836426659546294e-01,7.785263866618189477e-01,4.367510161501393373e-01,3.990745231757906186e-01
5.101538346182332706e-01,4.261629661817701864e-01,4.308510317799794653e-01,4.093756259144348819e-01,2.231581527282052169e-01,5.479663231685510949e-01
7.610836426659546294e-01,4.308510317799794653e-01,1.568622049053196577e-01,3.085639912241547878e-01,8.319885328375192790e-02,1.710851185142495678e-01
7.785263866618189477e-01,4.093756259144348819e-01,3.085639912241547878e-01,2.503356106254028823e-01,1.817498748093500094e-01,2.085496442451220123e-01
4.367510161501393373e-01,2.231581527282052169e-01,8.319885328375192790e-02,1.817498748093500094e-01,5.774397024304711579e-01,5.812260332433467624e-01
3.990745231757906186e-01,5.479663231685510949e-01,1.710851185142495678e-01,2.085496442451220123e-01,5.812260332433467624e-01,1.990098151514519964e-01
