7.106646135860084090e-01,3.204107306872400196e-01,4.281718432155832144e-01,4.067639122645113070e-01,4.694665518900912327e-01,4.984771574876842859e-01
3.204107306872400196e-01,1.938158972658005075e-01,3.702447164211466468e-01,7.264532446875142657e-01,8.009572460471435784e-01,4.769063593580049609e-01
4.281718432155832144e-01,3.702447164211466468e-01,3.972360956972170731e-01,3.505131395139305939e-01,2.449097020986490958e-01,3.744715497622984057e-01
4.067639122645113070e-01,7.264532446875142657e-01,3.505131395139305939e-01,2.297578253126353331e-01,5.591525711912184171e-01,9.503865482981315171e-01
4.694665518900912327e-01,8.009572460471435784e-01,2.449097020986490958e-01,5.591525711912184171e-01,8.907937970316759380e-02,3.433749250814398524e-01
4.984771574876842859e-01,4.769063593580049609e-01,3.744715497622984057e-01,9.503865482981315171e-01,3.433749250814398524e-01,2.898347591114690536e-01
