5.686525217263440624e-01,4.059146351496143446e-01,5.659720261925218487e-01,1.626381547473411682e-01,6.836275118988606181e-01,2.478372692580653180e-01
4.059146351496143446e-01,7.165894381462183382e-01,6.284238658193517235e-01,3.926564207108611537e-01,6.158547439062092010e-01,7.699865802833989470e-01
5.659720261925218487e-01,6.284238658193517235e-01,9.068877751946253785e-01,5.620145541866761185e-01,9.645401756917226788e-01,3.557749111802634423e-01
1.626381547473411682e-01,3.926564207108611537e-01,5.620145541866761185e-01,3.111586967323028974e-01,4.661195007644444721e-01,5.258494309649222043e-01
6.836275118988606181e-01,6.158547439062092010e-01,9.645401756917226788e-01,4.661195007644444721e-01,2.725676169913088254e-01,7.235492942836185826e-01
2.478372692580653180e-01,7.699865802833989470e-01,3.557749111802634423e-01,5.258494309649222043e-01,7.235492942836185826e-01,9.550670042890276878e-01
