6.962594145798854939e-01,3.645774085752261917e-01,3.854733646002665992e-01,3.103713799972077081e-01,4.988441898910950800e-01,7.173051803444336905e-01
3.645774085752261917e-01,4.827067849709436587e-01,4.519514268586201089e-01,4.598442364963935547e-01,7.405046300563269401e-01,7.748341356832195714e-01
3.854733646002665992e-01,4.519514268586201089e-01,7.312729847771854974e-01,6.000050900558335787e-01,5.353488565519834985e-01,7.060287350221294833e-01
3.103713799972077081e-01,4.598442364963935547e-01,6.000050900558335787e-01,8.528579548561456836e-01,6.691902988851614609e-01,7.260457988423550946e-01
4.988441898910950800e-01,7.405046300563269401e-01,5.353488565519834985e-01,6.691902988851614609e-01,5.974818985727876619e-01,7.558694723479868482e-01
7.173051803444336905e-01,7.748341356832195714e-01,7.060287350221294833e-01,7.260457988423550946e-01,7.558694723479868482e-01,6.393260978142849549e-01
