7.568145346615735569e-01,3.281487170748843551e-01,1.770187054890664524e-01,6.520195914305095819e-01,7.908220998773941579e-01,5.302756481229295993e-01
3.281487170748843551e-01,7.965493080462386910e-01,4.064426558458216210e-01,6.641332880480298462e-01,6.251181544969734993e-01,1.366291448506246620e-01
1.770187054890664524e-01,4.064426558458216210e-01,5.469598296242007551e-01,6.301315619216281139e-01,7.538857376551573175e-01,3.809179356171328856e-01
6.520195914305095819e-01,6.641332880480298462e-01,6.301315619216281139e-01,7.412845938399227341e-01,3.441862978648083105e-01,3.430540101273775178e-01
7.908220998773941579e-01,6.251181544969734993e-01,7.538857376551573175e-01,3.441862978648083105e-01,9.882278854168856652e-01,3.346981179104082660e-01
5.302756481229295993e-01,1.366291448506246620e-01,3.809179356171328856e-01,3.430540101273775178e-01,3.346981179104082660e-01,5.489089995496557739e-01
