9.394559854799141574e-01,4.930964123900177798e-02,2.204132899905515419e-01,7.409146122951458802e-01,6.642786882517333069e-01,5.035380445638472091e-01
4.930964123900177798e-02,3.839385014269713903e-01,5.427708705331609762e-01,7.957637239834460807e-01,7.218729990918598682e-02,3.089736017370743326e-01
2.204132899905515419e-01,5.427708705331609762e-01,3.512978341707870822e-01,6.373180123463150215e-01,2.885661316357812090e-01,5.786567351956267702e-02
7.409146122951458802e-01,7.957637239834460807e-01,6.373180123463150215e-01,3.120924769866255666e-01,5.078435644944437888e-01,2.085132271265613957e-01
6.642786882517333069e-01,7.218729990918598682e-02,2.885661316357812090e-01,5.078435644944437888e-01,9.285554533951453360e-01,8.535509543368183794e-01
5.035380445638472091e-01,3.089736017370743326e-01,5.786567351956267702e-02,2.085132271265613957e-01,8.535509543368183794e-01,3.171096651652813847e-01
