1.408079958404538923e-01,6.225400165002170638e-01,7.251204805221966865e-01,4.654891406236234541e-01,1.455997537366223726e-01,1.333925632298416097e-01
6.225400165002170638e-01,1.083862849600127909e-01,8.131645077988861603e-01,5.147690517253021847e-01,4.572097789579283034e-01,5.443768291088074696e-01
7.251204805221966865e-01,8.131645077988861603e-01,7.634600796674730905e-01,7.550954020487514740e-01,6.859002134536871242e-01,6.565598785858122177e-01
4.654891406236234541e-01,5.147690517253021847e-01,7.550954020487514740e-01,2.175317410689098230e-01,7.818722857303901375e-01,4.873521817428488334e-01
1.455997537366223726e-01,4.572097789579283034e-01,6.859002134536871242e-01,7.818722857303901375e-01,8.613768911314388932e-01,5.863945366109384327e-01
1.333925632298416097e-01,5.443768291088074696e-01,6.565598785858122177e-01,4.873521817428488334e-01,5.863945366109384327e-01,1.085817813702022461e-01
