1.964494742484959033e-01,4.415583008781835961e-01,1.524099339191313796e-01,4.444615677659319308e-02,7.167813791421945302e-01,2.270917158615146647e-01
4.415583008781835961e-01,4.963925989664440541e-01,4.330839216051377005e-01,7.411624265435090564e-01,2.760583708750128373e-01,5.535823682268170565e-01
1.524099339191313796e-01,4.330839216051377005e-01,9.645638248407021331e-01,8.129187335942592574e-01,3.874877247118929113e-01,3.950161608540690428e-01
4.444615677659319308e-02,7.411624265435090564e-01,8.129187335942592574e-01,6.637789160727655124e-01,4.372822538391442082e-01,6.150616377985571592e-01
7.167813791421945302e-01,2.760583708750128373e-01,3.874877247118929113e-01,4.372822538391442082e-01,9.759682516876055924e-01,1.428892098721636361e-01
2.270917158615146647e-01,5.535823682268170565e-01,3.950161608540690428e-01,6.150616377985571592e-01,1.428892098721636361e-01,1.637701203265036209e-01
