5.748608031859003820e-02,1.067429134031297466e-01,2.020725446612915976e-01,3.676296371313722000e-01,5.555801703195892838e-01,6.194544580283126711e-01,3.482123617974512420e-01
1.067429134031297466e-01,7.126302290725867739e-01,6.233812798346418660e-01,3.644394613614405642e-01,1.566841801095030795e-01,4.398082719210399394e-01,3.946590091657389832e-01
2.020725446612915976e-01,6.233812798346418660e-01,7.665869739342967559e-02,7.795574006079721840e-01,7.652251153782240189e-01,5.962739666363885416e-01,6.885665679490069468e-01
3.676296371313722000e-01,3.644394613614405642e-01,7.795574006079721840e-01,8.932009566465576311e-01,7.023898948037579082e-01,5.481234482889059123e-01,6.813486862774433828e-01
5.555801703195892838e-01,1.566841801095030795e-01,7.652251153782240189e-01,7.023898948037579082e-01,4.967418003851858943e-01,3.963798076979923590e-01,7.653566134855693814e-01
6.194544580283126711e-01,4.398082719210399394e-01,5.962739666363885416e-01,5.481234482889059123e-01,3.963798076979923590e-01,3.589116588717170542e-01,7.363482363488844662e-01
3.482123617974512420e-01,3.946590091657389832e-01,6.885665679490069468e-01,6.813486862774433828e-01,7.653566134855693814e-01,7.363482363488844662e-01,1.716871939703301653e-02
