4.434553616824343791e-02,3.041509609986490226e-01,1.189314832385674481e-01,2.172796404427705941e-01,6.277964724751454728e-01,7.745352282721679194e-01
3.041509609986490226e-01,8.687101963126824256e-01,1.352786663117514498e-01,6.878733514908106361e-01,4.857668554734611566e-01,2.064798160616925227e-01
1.189314832385674481e-01,1.352786663117514498e-01,4.322344077499090664e-01,6.356335839412908806e-01,4.121083567233013167e-01,5.407503305312761910e-01
2.172796404427705941e-01,6.878733514908106361e-01,6.356335839412908806e-01,4.477683802444178962e-01,9.240148097285517670e-01,3.527299743540709409e-01
6.277964724751454728e-01,4.857668554734611566e-01,4.121083567233013167e-01,9.240148097285517670e-01,9.344495652520772300e-01,2.164580527206746430e-01
7.745352282721679194e-01,2.064798160616925227e-01,5.407503305312761910e-01,3.527299743540709409e-01,2.164580527206746430e-01,9.464202018249838755e-01
