4.335254002936247408e-01,7.380097229516957569e-01,1.295014497104423068e-01,5.564586170938954357e-01,3.494547597340167400e-01,5.785214216704044343e-01,5.963015306059500364e-01
7.380097229516957569e-01,7.036642370937851165e-02,5.611541897663261391e-01,4.019520720132960245e-01,4.048630089738370352e-01,5.325577660810048020e-01,4.830301196215834314e-01
1.295014497104423068e-01,5.611541897663261391e-01,2.547726040251758750e-01,3.189180527313859592e-01,1.230546750798058309e-01,5.120788621615489644e-01,6.542762666455721465e-01
5.564586170938954357e-01,4.019520720132960245e-01,3.189180527313859592e-01,1.142632950055320062e-01,3.648531798657016489e-01,4.784402644475762023e-01,4.039039855260876388e-01
3.494547597340167400e-01,4.048630089738370352e-01,1.230546750798058309e-01,3.648531798657016489e-01,5.388845021354111697e-01,4.022703854165018966e-01,7.042055669991781341e-01
5.785214216704044343e-01,5.325577660810048020e-01,5.120788621615489644e-01,4.784402644475762023e-01,4.022703854165018966e-01,1.260076103054571517e-01,4.556991556411724709e-01
5.963015306059500364e-01,4.830301196215834314e-01,6.542762666455721465e-01,4.039039855260876388e-01,7.042055669991781341e-01,4.556991556411724709e-01,6.119295882891543359e-01
