3.623373365602656770e-01,7.975567597172280587e-01,6.987218215738801863e-01,1.482706452584438561e-01,5.302564614023757006e-01,1.540835056803204206e-01
7.975567597172280587e-01,3.688411636866312238e-01,1.369271086555977623e-01,7.455650508653890451e-01,5.532312548532638541e-01,4.357343421782261528e-01
6.987218215738801863e-01,1.369271086555977623e-01,9.343357393685741696e-01,5.719933815966778967e-01,5.264166824074697493e-01,5.199529438887029453e-01
1.482706452584438561e-01,7.455650508653890451e-01,5.719933815966778967e-01,4.502083853567077076e-01,5.317937810218632544e-01,3.875199720612563237e-01
5.302564614023757006e-01,5.532312548532638541e-01,5.264166824074697493e-01,5.317937810218632544e-01,6.799105290557068138e-01,6.861864354051004922e-01
1.540835056803204206e-01,4.357343421782261528e-01,5.199529438887029453e-01,3.875199720612563237e-01,6.861864354051004922e-01,3.102831679991925329e-01
