9.322054214485335777e-01,4.416069093235651666e-01,5.697437886097175275e-01,2.262563991215736925e-01,4.699693411746960203e-01,1.315816907803044056e-01
4.416069093235651666e-01,8.550374500441738634e-01,7.872054362184579546e-01,4.568257537213111785e-01,8.325278004015169708e-01,6.297062312009329421e-01
5.697437886097175275e-01,7.872054362184579546e-01,6.155698421402051590e-01,5.646495445124805057e-01,4.758339587621870925e-01,3.347733081527825560e-01
2.262563991215736925e-01,4.568257537213111785e-01,5.646495445124805057e-01,4.763915780787436605e-01,6.222442533100740469e-01,2.728955674038531787e-01
4.699693411746960203e-01,8.325278004015169708e-01,4.758339587621870925e-01,6.222442533100740469e-01,5.255568964985838365e-01,1.731970039411630524e-01
1.315816907803044056e-01,6.297062312009329421e-01,3.347733081527825560e-01,2.728955674038531787e-01,1.731970039411630524e-01,4.398082432182053303e-01
