8.857262590153203163e-02,6.659033710689394869e-01,7.261113457560393059e-01,5.070187611866896482e-01,3.342400568885251499e-01,8.431914817821584140e-01
6.659033710689394869e-01,6.195685899291965004e-01,4.369038223376449648e-01,6.315613604602750009e-01,6.147080594009135535e-01,3.801359263865405347e-01
7.261113457560393059e-01,4.369038223376449648e-01,8.085983485384440339e-02,5.424300531495114264e-01,2.868326959939205834e-01,2.300442195541463897e-01
5.070187611866896482e-01,6.315613604602750009e-01,5.424300531495114264e-01,7.026165650883686720e-01,3.572066632366253103e-01,3.816504642771279543e-01
3.342400568885251499e-01,6.147080594009135535e-01,2.868326959939205834e-01,3.572066632366253103e-01,2.126879365209199957e-02,4.660419423609061806e-01
8.431914817821584140e-01,3.801359263865405347e-01,2.300442195541463897e-01,3.816504642771279543e-01,4.660419423609061806e-01,8.135418664715462489e-01
