7.794373213323635419e-01,2.172881685572327082e-01,6.581117530438229668e-01,5.324683048070029123e-01,6.942774102324494878e-02,4.250525610013936584e-01
2.172881685572327082e-01,3.518132824375573842e-01,1.799470833831080530e-01,6.840632645642048537e-01,2.418485552581363107e-01,5.852992656669773197e-01
6.581117530438229668e-01,1.799470833831080530e-01,1.721259826875054522e-02,5.399734367908839427e-01,2.578490353873302277e-01,5.629459453675260683e-01
5.324683048070029123e-01,6.840632645642048537e-01,5.399734367908839427e-01,5.814238357031848992e-01,2.092304358674373366e-01,1.704201763389216473e-01
6.942774102324494878e-02,2.418485552581363107e-01,2.578490353873302277e-01,2.092304358674373366e-01,5.742880268807267763e-01,4.592442195644614866e-01
4.250525610013936584e-01,5.852992656669773197e-01,5.629459453675260683e-01,1.704201763389216473e-01,4.592442195644614866e-01,6.267250337501989454e-01
