2.962518996431132701e-01,3.517385882029443467e-01,7.300820688563096628e-01,6.819884737809724928e-01,1.936044755109537774e-01,5.780204723783670673e-01,6.215906040396164123e-01
3.517385882029443467e-01,3.449791249414551064e-01,2.250545839812449489e-01,6.674549695633258395e-02,4.880214222039082617e-01,5.473177961328875574e-01,7.300596480534693455e-02
7.300820688563096628e-01,2.250545839812449489e-01,4.055318840589922091e-01,6.309790195236207877e-01,4.825477850553322456e-01,4.035644926696982937e-01,3.372456676282236665e-01
6.819884737809724928e-01,6.674549695633258395e-02,6.309790195236207877e-01,8.200241575906519476e-01,7.837790178880328362e-01,6.404148058910630326e-01,3.712114148300635352e-01
1.936044755109537774e-01,4.880214222039082617e-01,4.825477850553322456e-01,7.837790178880328362e-01,5.755176497391061297e-01,2.974680591163059162e-01,6.156949219870808676e-01
5.780204723783670673e-01,5.473177961328875574e-01,4.035644926696982937e-01,6.404148058910630326e-01,2.974680591163059162e-01,9.225218627820896966e-02,3.214259725858812922e-01
6.215906040396164123e-01,7.300596480534693455e-02,3.372456676282236665e-01,3.712114148300635352e-01,6.156949219870808676e-01,3.214259725858812922e-01,3.679846645338834543e-01
