3.444501853611815489e-01,1.741230683435524562e-01,3.467748915173243796e-01,3.802579947530447813e-01,3.175305288518445734e-01,2.748920964036409842e-01
1.741230683435524562e-01,5.116493422114317680e-01,4.984854181542918150e-01,7.974809597591938637e-01,9.404530434358002733e-01,1.522120198542593061e-01
3.467748915173243796e-01,4.984854181542918150e-01,3.067730844896849884e-01,5.268325991394882113e-01,5.693455554814186304e-02,3.439657411806267273e-01
3.802579947530447813e-01,7.974809597591938637e-01,5.268325991394882113e-01,3.361893607254430316e-01,3.442056176394624467e-01,4.774083418931919232e-01
3.175305288518445734e-01,9.404530434358002733e-01,5.693455554814186304e-02,3.442056176394624467e-01,6.269343168581898995e-01,8.273641280305372714e-01
2.748920964036409842e-01,1.522120198542593061e-01,3.439657411806267273e-01,4.774083418931919232e-01,8.273641280305372714e-01,1.994554609493494057e-01
