2.059167611011919474e-01,3.720675468968754895e-01,3.547559408905854306e-01,6.470845901259580923e-01,4.853605171341643376e-01,7.434165889356565415e-01
3.720675468968754895e-01,9.235711764845564442e-01,7.120821053543826551e-01,4.591630910991489345e-01,2.845969951191227865e-01,6.132676094631390740e-01
3.547559408905854306e-01,7.120821053543826551e-01,9.315931940740873607e-02,5.472256452839167062e-01,7.340966412616172221e-01,4.363751973258115924e-01
6.470845901259580923e-01,4.591630910991489345e-01,5.472256452839167062e-01,6.060784408469088724e-01,4.909020817991707752e-01,2.784994442194886899e-01
4.853605171341643376e-01,2.845969951191227865e-01,7.340966412616172221e-01,4.909020817991707752e-01,9.387461438264965707e-02,2.168586044422382564e-01
7.434165889356565415e-01,6.132676094631390740e-01,4.363751973258115924e-01,2.784994442194886899e-01,2.168586044422382564e-01,4.946664260842005278e-01
