2.437720259744017293e-01,4.084559797470470044e-01,4.311516866760684019e-01,5.715299315747233155e-01,8.315616108855613531e-01,2.721440212061723707e-01
4.084559797470470044e-01,8.763129659530390914e-01,5.749401607293300742e-01,7.433899112332691406e-01,6.340596306802834814e-01,3.960524484285992686e-01
4.311516866760684019e-01,5.749401607293300742e-01,8.792306879695117594e-01,1.605665654343247373e-01,3.504982193484742492e-01,4.547310044864198431e-01
5.715299315747233155e-01,7.433899112332691406e-01,1.605665654343247373e-01,3.006155348518900761e-01,6.619408199095233591e-01,4.147417671905657688e-01
8.315616108855613531e-01,6.340596306802834814e-01,3.504982193484742492e-01,6.619408199095233591e-01,6.358425605810510417e-01,7.026152185979540610e-01
2.721440212061723707e-01,3.960524484285992686e-01,4.547310044864198431e-01,4.147417671905657688e-01,7.026152185979540610e-01,7.143626671017837548e-01
