3.575781890728109147e-01,6.854498238724033854e-01,2.077032832802687135e-01,2.897008194564589800e-01,8.194815487150397537e-01,2.106922429991756607e-01
6.854498238724033854e-01,2.173040159386842030e-01,3.587395762542740507e-01,3.334842339536174260e-01,4.890875771364491809e-01,4.536411196637700205e-01
2.077032832802687135e-01,3.587395762542740507e-01,4.395609622983577269e-01,1.944820012758165517e-01,5.760272897144069759e-01,5.658639606515762921e-01
2.897008194564589800e-01,3.334842339536174260e-01,1.944820012758165517e-01,9.131510176431731907e-01,3.598050666842916301e-01,7.271192042298277869e-01
8.194815487150397537e-01,4.890875771364491809e-01,5.760272897144069759e-01,3.598050666842916301e-01,2.981131201071129944e-01,4.194592104803500643e-01
2.106922429991756607e-01,4.536411196637700205e-01,5.658639606515762921e-01,7.271192042298277869e-01,4.194592104803500643e-01,6.265676235402727334e-01
