5.501370136336739547e-01,3.606229212574444953e-01,5.109836090033373912e-01,5.125237275738570020e-01,5.811109389561114336e-02,6.025356009303193261e-01
3.606229212574444953e-01,2.255075562628391372e-01,9.614116819215035026e-02,3.493136822301025624e-01,2.384925164689630783e-01,4.548587760999435736e-01
5.109836090033373912e-01,9.614116819215035026e-02,4.320881476776815555e-01,1.016337664258362694e-01,4.933631199343107565e-01,3.827285373104305499e-02
5.125237275738570020e-01,3.493136822301025624e-01,1.016337664258362694e-01,5.541219028222978960e-01,3.311837815742053603e-01,4.700768842269369419e-01
5.811109389561114336e-02,2.384925164689630783e-01,4.933631199343107565e-01,3.311837815742053603e-01,2.200185983337521467e-02,8.052179974890650849e-01
6.025356009303193261e-01,4.548587760999435736e-01,3.827285373104305499e-02,4.700768842269369419e-01,8.052179974890650849e-01,5.622827595056224537e-01
