6.330263221898613235e-02,4.233651813598727776e-01,7.656297316887432647e-01,4.483012188360520067e-01,9.222439259142622969e-01,8.932467892689293087e-01,5.605000541935973857e-01
4.233651813598727776e-01,4.440131516717015225e-01,5.907660127449778642e-01,3.801421673001197932e-01,2.784480272078204699e-01,1.873392952936269729e-01,4.594304585329984647e-01
7.656297316887432647e-01,5.907660127449778642e-01,2.957984516185376833e-01,3.371371611397114276e-01,6.831603933412637719e-01,2.976616806963938711e-02,3.461222773907352002e-01
4.483012188360520067e-01,3.801421673001197932e-01,3.371371611397114276e-01,7.910134508422241861e-01,5.412722396480686982e-01,4.874379270397934394e-01,8.575783493231273757e-01
9.222439259142622969e-01,2.784480272078204699e-01,6.831603933412637719e-01,5.412722396480686982e-01,3.317783707682421257e-01,1.186941969336199887e-01,4.603756143665519440e-01
8.932467892689293087e-01,1.873392952936269729e-01,2.976616806963938711e-02,4.874379270397934394e-01,1.186941969336199887e-01,6.721878831424408229e-01,7.308885177757438179e-01
5.605000541935973857e-01,4.594304585329984647e-01,3.461222773907352002e-01,8.575783493231273757e-01,4.603756143665519440e-01,7.308885177757438179e-01,8.397477777528885579e-01
