8.306946164435685676e-01,5.784054858711442648e-01,4.297765591041675104e-01,4.610073142441155625e-01,3.611460742677414792e-01,6.268370680118563465e-01
5.784054858711442648e-01,3.314089325619263837e-01,1.550753957763978952e-01,7.560071553192078131e-01,7.779409253806617297e-01,5.756663986421399759e-01
4.297765591041675104e-01,1.550753957763978952e-01,1.796744729693264819e-01,6.529786772608919820e-01,5.985991750742856166e-01,2.756924851798061571e-01
4.610073142441155625e-01,7.560071553192078131e-01,6.529786772608919820e-01,9.946376947949689962e-01,4.942870488041689048e-01,3.695776122169806555e-01
3.611460742677414792e-01,7.779409253806617297e-01,5.985991750742856166e-01,4.942870488041689048e-01,6.426120635483508758e-01,1.051704495582888033e-01
6.268370680118563465e-01,5.756663986421399759e-01,2.756924851798061571e-01,3.695776122169806555e-01,1.051704495582888033e-01,5.587135998009616911e-01
