3.234091462527505234e-01,2.747541684899181824e-01,2.173957178067264517e-01,4.821846889539375680e-01,6.163300818706813899e-01,6.420333528968293901e-01
2.747541684899181824e-01,4.675190932044828163e-01,4.451106091871638859e-01,6.450380047424112417e-01,3.459819769790165034e-01,5.510529399708279374e-01
2.173957178067264517e-01,4.451106091871638859e-01,9.423203390622917341e-01,5.439703014694374783e-01,4.794224390291458859e-01,6.365936351855673303e-01
4.821846889539375680e-01,6.450380047424112417e-01,5.439703014694374783e-01,5.623261999428671443e-01,3.832606615232381220e-01,4.725307572210099560e-01
6.163300818706813899e-01,3.459819769790165034e-01,4.794224390291458859e-01,3.832606615232381220e-01,2.662039571317194042e-01,7.050914576584779159e-01
6.420333528968293901e-01,5.510529399708279374e-01,6.365936351855673303e-01,4.725307572210099560e-01,7.050914576584779159e-01,9.243861452845949511e-01
