8.123971194209174129e-01,7.802109913702282018e-01,4.454308526747813857e-01,4.605010315731247750e-01,1.448897363475705191e-01,7.739497664506205243e-01
7.802109913702282018e-01,8.889871206709391016e-01,2.486295942583002239e-01,1.448610076610511443e-01,3.333203824593414244e-01,3.356351481557653949e-01
4.454308526747813857e-01,2.486295942583002239e-01,1.534648729738660178e-01,4.049376123059722499e-01,7.437427234778195562e-01,3.638022633328687472e-01
4.605010315731247750e-01,1.448610076610511443e-01,4.049376123059722499e-01,1.911360298594689811e-01,8.231702669451510523e-01,8.178710619591775810e-01
1.448897363475705191e-01,3.333203824593414244e-01,7.437427234778195562e-01,8.231702669451510523e-01,1.916042576441022716e-01,7.953355875175998069e-01
7.739497664506205243e-01,3.356351481557653949e-01,3.638022633328687472e-01,8.178710619591775810e-01,7.953355875175998069e-01,7.840591944343688890e-02
