3.741743163935807859e-01,8.382167832164433285e-01,5.982135913171906516e-01,3.901019139338800512e-01,8.626721171647584452e-01,8.115767164526782596e-02
8.382167832164433285e-01,7.786787300966369063e-02,3.844933747322069051e-01,7.960518864809368322e-02,1.010101425226748728e-01,1.954139070991158245e-01
5.982135913171906516e-01,3.844933747322069051e-01,1.509380942652093216e-01,2.643145566896258347e-01,7.138484740087402969e-01,5.255466729099617096e-01
3.901019139338800512e-01,7.960518864809368322e-02,2.643145566896258347e-01,3.313800769300454530e-01,3.919051713202108544e-01,7.163668050939826504e-01
8.626721171647584452e-01,1.010101425226748728e-01,7.138484740087402969e-01,3.919051713202108544e-01,4.975645781829119985e-01,5.738796400569678990e-01
8.115767164526782596e-02,1.954139070991158245e-01,5.255466729099617096e-01,7.163668050939826504e-01,5.738796400569678990e-01,3.566921781200909081e-01
