2.782260051323121042e-01,4.006133987126027640e-01,6.863661383824474216e-01,3.883902402678434673e-01,6.560473718962522849e-01,2.072960195025341790e-01,8.901753975498241100e-01
4.006133987126027640e-01,5.696744478116821941e-01,5.188178262731816259e-01,5.926177250705154664e-01,5.770919755575838472e-01,5.941296608885109354e-01,3.859155558850961287e-01
6.863661383824474216e-01,5.188178262731816259e-01,4.394184156870885039e-01,5.219807922402154299e-01,6.669341366708477770e-01,5.782855811574016958e-01,7.561341593138113382e-01
3.883902402678434673e-01,5.926177250705154664e-01,5.219807922402154299e-01,9.692628266295436612e-01,8.353545229889725032e-01,7.069129207729722975e-01,5.777369962605378717e-01
6.560473718962522849e-01,5.770919755575838472e-01,6.669341366708477770e-01,8.353545229889725032e-01,1.483759295049669191e-01,1.357686040841264985e-01,1.086434758861727357e-01
2.072960195025341790e-01,5.941296608885109354e-01,5.782855811574016958e-01,7.069129207729722975e-01,1.357686040841264985e-01,6.355546609559084015e-01,3.305962679608638322e-01
8.901753975498241100e-01,3.859155558850961287e-01,7.561341593138113382e-01,5.777369962605378717e-01,1.086434758861727357e-01,3.305962679608638322e-01,4.358097265000563381e-01
