9.171661134667860038e-01,5.867062289819822141e-01,2.685230202108400133e-01,5.946276899098142943e-01,3.778347702041955358e-01,2.360397465246927839e-01
5.867062289819822141e-01,4.450561260550590648e-01,2.183715792628352359e-01,6.114550483003426962e-01,2.083783506712869604e-01,2.084235439100468046e-01
2.685230202108400133e-01,2.183715792628352359e-01,7.711732165295535069e-01,1.407123329788337873e-01,5.204213781695284924e-01,6.537585658819733414e-01
5.946276899098142943e-01,6.114550483003426962e-01,1.407123329788337873e-01,3.636782258547900382e-01,4.588117744042467527e-01,6.036958702575545566e-01
3.778347702041955358e-01,2.083783506712869604e-01,5.204213781695284924e-01,4.588117744042467527e-01,5.177466610438631323e-01,6.542670324991071151e-01
2.360397465246927839e-01,2.084235439100468046e-01,6.537585658819733414e-01,6.036958702575545566e-01,6.542670324991071151e-01,7.984552084572598130e-01
