2.309394644320694745e-02,5.679766790789186892e-01,6.726538473908834082e-01,4.348007250652823896e-01,3.891088636169972581e-01,6.419154562850712953e-01
5.679766790789186892e-01,6.532208085082886750e-01,4.099978908435583658e-01,8.757980797158777531e-01,5.479490150681580740e-01,6.713929964447604704e-01
6.726538473908834082e-01,4.099978908435583658e-01,7.532435918988084067e-01,1.957272134334995806e-01,4.874197416112392989e-01,5.026573052899097060e-01
4.348007250652823896e-01,8.757980797158777531e-01,1.957272134334995806e-01,8.719810892380306377e-01,2.494619458917777810e-01,5.133599082958901771e-01
3.891088636169972581e-01,5.479490150681580740e-01,4.874197416112392989e-01,2.494619458917777810e-01,3.183862805255632811e-01,5.451301597614297556e-01
6.419154562850712953e-01,6.713929964447604704e-01,5.026573052899097060e-01,5.133599082958901771e-01,5.451301597614297556e-01,9.686698084563563071e-01
