6.329581915028015260e-01,8.401066582806023808e-01,5.691635827054885022e-01,4.131485347624286875e-01,8.154515697832598331e-01,5.857788483813455294e-01,7.145418877444587036e-01
8.401066582806023808e-01,9.704221305896562066e-01,2.129152476406125372e-01,5.510628321333070900e-01,4.764563768118189047e-01,5.636830206437504209e-01,3.365258011330261589e-01
5.691635827054885022e-01,2.129152476406125372e-01,4.625085885136389630e-01,6.794250547494509185e-01,2.566514867936553479e-01,6.316655002794113738e-01,4.807673751600055612e-01
4.131485347624286875e-01,5.510628321333070900e-01,6.794250547494509185e-01,6.124385662125814145e-01,9.409291146079623580e-02,5.135559716573231404e-01,4.781101855223237052e-01
8.154515697832598331e-01,4.764563768118189047e-01,2.566514867936553479e-01,9.409291146079623580e-02,5.612879484766392091e-01,2.181588662633416886e-01,3.009279330897028926e-01
5.857788483813455294e-01,5.636830206437504209e-01,6.316655002794113738e-01,5.135559716573231404e-01,2.181588662633416886e-01,4.879026924333420556e-01,2.824859739788342372e-01
7.145418877444587036e-01,3.365258011330261589e-01,4.807673751600055612e-01,4.781101855223237052e-01,3.009279330897028926e-01,2.824859739788342372e-01,2.072406390024804645e-01
