4.284237357806275348e-02,6.596663521387069462e-01,4.808467673259800290e-01,2.520442311717447370e-01,4.616898667708946302e-01,6.282304356842740578e-01
6.596663521387069462e-01,1.262884681168767731e-01,5.966604587663688619e-01,2.523324119869473359e-01,3.440150112388119519e-01,1.503415233715915122e-01
4.808467673259800290e-01,5.966604587663688619e-01,6.248627462061586701e-01,3.280396153170244689e-01,4.853613159466454996e-01,6.704528690165499905e-01
2.520442311717447370e-01,2.523324119869473359e-01,3.280396153170244689e-01,6.314050963365535063e-01,3.177255018464647529e-01,3.176790916186605362e-01
4.616898667708946302e-01,3.440150112388119519e-01,4.853613159466454996e-01,3.177255018464647529e-01,2.787679892214303123e-01,4.656478111298554823e-01
6.282304356842740578e-01,1.503415233715915122e-01,6.704528690165499905e-01,3.176790916186605362e-01,4.656478111298554823e-01,1.618605925833146442e-01
