2.050638343817010600e-01,1.709858577624950304e-01,8.425083597723650453e-01,3.936298560514750466e-01,7.225264200396770420e-01,8.088628977348661930e-01
1.709858577624950304e-01,7.799109037779481390e-01,3.080637882085726642e-01,3.434293065343504980e-01,5.662759607159812969e-01,5.350559080250765209e-01
8.425083597723650453e-01,3.080637882085726642e-01,5.371429379487474565e-01,7.052367313575599317e-01,6.582192782347005000e-01,5.370501916212911953e-01
3.936298560514750466e-01,3.434293065343504980e-01,7.052367313575599317e-01,4.874040031017412566e-01,4.005288696089297495e-01,2.904388175790248439e-01
7.225264200396770420e-01,5.662759607159812969e-01,6.582192782347005000e-01,4.005288696089297495e-01,9.802305039355324601e-01,5.655730808086303352e-01
8.088628977348661930e-01,5.350559080250765209e-01,5.370501916212911953e-01,2.904388175790248439e-01,5.655730808086303352e-01,4.332037910555920357e-01
