9.863482273358493702e-01,1.990893013064574113e-01,2.319085175155176648e-01,6.339811123409433424e-01,8.013423514642475931e-01,3.344937753659553148e-01
1.990893013064574113e-01,9.665077511847649516e-01,7.518113604459216726e-01,4.147153583226723672e-01,3.598960693836856795e-01,3.455157150148880918e-01
2.319085175155176648e-01,7.518113604459216726e-01,9.212971475830600276e-02,8.313923207106260760e-02,4.686567477979461938e-01,2.555195397783815436e-01
6.339811123409433424e-01,4.147153583226723672e-01,8.313923207106260760e-02,9.371899621035294503e-01,2.719476736281415397e-01,7.802569030950557982e-01
8.013423514642475931e-01,3.598960693836856795e-01,4.686567477979461938e-01,2.719476736281415397e-01,6.192674471164448802e-01,8.326540416085601581e-01
3.344937753659553148e-01,3.455157150148880918e-01,2.555195397783815436e-01,7.802569030950557982e-01,8.326540416085601581e-01,7.865039678401997136e-02
