8.186055450111817677e-01,1.707222077559163997e-01,4.435788831369137930e-01,6.307274783147611696e-01,1.274764471521437348e-01,5.008682828818988853e-01
1.707222077559163997e-01,3.135709709645360110e-01,2.947458387137820157e-01,7.238771562282139138e-01,2.327435339105454193e-01,9.784891574081711063e-01
4.435788831369137930e-01,2.947458387137820157e-01,7.922943296675385438e-01,6.753728488845551770e-01,2.823167554863882933e-01,5.656671096817759148e-01
6.307274783147611696e-01,7.238771562282139138e-01,6.753728488845551770e-01,6.362444734504507649e-01,3.742266659170599419e-01,3.035344182170910954e-01
1.274764471521437348e-01,2.327435339105454193e-01,2.823167554863882933e-01,3.742266659170599419e-01,2.032087102957135238e-01,6.607831091234181997e-01
5.008682828818988853e-01,9.784891574081711063e-01,5.656671096817759148e-01,3.035344182170910954e-01,6.607831091234181997e-01,9.597066867383019506e-01
