6.334743084651942580e-01,3.070663985049306710e-01,4.566795352254434670e-01,6.890638688432011438e-01,6.839268733579688675e-01,4.974884983861047605e-01,3.729412359363730167e-01
3.070663985049306710e-01,5.897076322590211195e-01,5.245951575304370618e-01,8.594271883725195238e-01,6.222358625953307021e-01,3.700870601664710269e-01,3.625775134367074659e-01
4.566795352254434670e-01,5.245951575304370618e-01,9.474719100184146869e-01,4.151720531822810645e-01,5.824861127081630841e-01,5.389685385677877028e-01,4.283571263309811084e-01
6.890638688432011438e-01,8.594271883725195238e-01,4.151720531822810645e-01,4.260138452010395760e-01,3.160719021137315954e-01,1.535425098863594795e-01,3.946388587564587658e-01
6.839268733579688675e-01,6.222358625953307021e-01,5.824861127081630841e-01,3.160719021137315954e-01,7.261739387679757574e-01,8.916864490779383701e-01,3.642741145961918003e-01
4.974884983861047605e-01,3.700870601664710269e-01,5.389685385677877028e-01,1.535425098863594795e-01,8.916864490779383701e-01,4.972246017234118742e-01,8.016176501722218628e-01
3.729412359363730167e-01,3.625775134367074659e-01,4.283571263309811084e-01,3.946388587564587658e-01,3.642741145961918003e-01,8.016176501722218628e-01,3.873337546748667481e-02
