7.575332948124177124e-01,7.723362184400360819e-01,4.084684133179484755e-01,4.163874220487446820e-01,2.784658675884001955e-01,3.694750408394574803e-01
7.723362184400360819e-01,9.960382934825054990e-01,7.513828047224639928e-01,2.270654152587611163e-01,8.648222485391113823e-01,3.579787695887583499e-01
4.084684133179484755e-01,7.513828047224639928e-01,3.618747958757313476e-01,7.808177310066667376e-01,8.073668234382588293e-01,4.383173394234155529e-01
4.163874220487446820e-01,2.270654152587611163e-01,7.808177310066667376e-01,4.196684499482380426e-01,6.808877410086928705e-01,3.782919491437763959e-01
2.784658675884001955e-01,8.648222485391113823e-01,8.073668234382588293e-01,6.808877410086928705e-01,1.735457672755391645e-02,6.877389793427798326e-01
3.694750408394574803e-01,3.579787695887583499e-01,4.383173394234155529e-01,3.782919491437763959e-01,6.877389793427798326e-01,9.654637221299751104e-01
