5.619514156858689269e-01,6.015030180515761327e-01,6.615744500130198436e-01,5.684820681860515146e-01,3.625874951904341503e-01,3.784724360497131457e-01
6.015030180515761327e-01,9.739737927883290736e-01,5.801773199417166182e-01,7.349508648638751751e-01,1.585465112914473118e-01,2.717322869209205516e-01
6.615744500130198436e-01,5.801773199417166182e-01,1.883930828566129367e-01,1.828810743669254668e-01,6.892632565068860240e-01,2.747175450448505196e-01
5.684820681860515146e-01,7.349508648638751751e-01,1.828810743669254668e-01,7.121487763120248893e-02,7.127532804269911537e-01,8.583062770294991317e-01
3.625874951904341503e-01,1.585465112914473118e-01,6.892632565068860240e-01,7.127532804269911537e-01,1.885214721691541584e-02,4.646336521750626392e-01
3.784724360497131457e-01,2.717322869209205516e-01,2.747175450448505196e-01,8.583062770294991317e-01,4.646336521750626392e-01,9.974528100219856031e-01
