5.531076350497845517e-01,3.328905070514845965e-01,7.785707394363741152e-01,5.575337812511849123e-01,3.046758564091590071e-01,5.588224580194678381e-01
3.328905070514845965e-01,1.795944161421967333e-01,1.947770695929978424e-01,6.527087640249462641e-01,3.598653875703365923e-01,3.845531303073870255e-01
7.785707394363741152e-01,1.947770695929978424e-01,3.094006768208389380e-01,9.473736160554762087e-01,5.109271960990152683e-01,4.145213777252606535e-01
5.575337812511849123e-01,6.527087640249462641e-01,9.473736160554762087e-01,3.890016283326943602e-01,6.904733630379069620e-01,1.393005640418073510e-01
3.046758564091590071e-01,3.598653875703365923e-01,5.109271960990152683e-01,6.904733630379069620e-01,1.885976826520328054e-01,3.549531488538085755e-01
5.588224580194678381e-01,3.845531303073870255e-01,4.145213777252606535e-01,1.393005640418073510e-01,3.549531488538085755e-01,8.780758022975950761e-01
