1.108820057543630222e-01,7.194851058046194403e-01,3.515937640033492406e-01,3.507266381221960105e-01,5.139549100941891435e-01,2.335838575892258961e-01
7.194851058046194403e-01,1.614599404184182685e-01,3.231337849633642012e-01,5.496481841198572749e-01,5.848705037964214704e-01,5.982260747582275329e-01
3.515937640033492406e-01,3.231337849633642012e-01,7.055280685425056042e-01,4.799070382515823185e-01,5.125537533546006275e-01,4.928798094085128367e-01
3.507266381221960105e-01,5.496481841198572749e-01,4.799070382515823185e-01,1.699925615243832455e-01,3.132253614056854096e-01,6.514669098094880706e-01
5.139549100941891435e-01,5.848705037964214704e-01,5.125537533546006275e-01,3.132253614056854096e-01,4.747723175869613677e-01,7.109816345460212572e-01
2.335838575892258961e-01,5.982260747582275329e-01,4.928798094085128367e-01,6.514669098094880706e-01,7.109816345460212572e-01,3.043888081432480908e-01
