1.778733809703598734e-01,5.220123508074604457e-01,2.464181935257616640e-01,4.549218150804491545e-01,4.744746009728598168e-01,6.455878642041975590e-01
5.220123508074604457e-01,8.082362511884920719e-01,7.626552638769337200e-01,6.581254544763250891e-01,3.984109861095280203e-01,6.103394272979245638e-01
2.464181935257616640e-01,7.626552638769337200e-01,8.362293098223043675e-01,7.821725777753063547e-01,7.503567936574468966e-01,4.092739387533753659e-01
4.549218150804491545e-01,6.581254544763250891e-01,7.821725777753063547e-01,8.787867044414239270e-01,5.164003994411071607e-01,4.451953118217924499e-01
4.744746009728598168e-01,3.984109861095280203e-01,7.503567936574468966e-01,5.164003994411071607e-01,3.172269814940481547e-01,3.180709360074571723e-01
6.455878642041975590e-01,6.103394272979245638e-01,4.092739387533753659e-01,4.451953118217924499e-01,3.180709360074571723e-01,8.726343106740628297e-01
