1.083130638052118844e-01,4.027149636406088806e-01,4.037652573151682689e-01,4.332252564844223941e-01,8.991908930788511389e-01,8.312362063690006408e-01
4.027149636406088806e-01,8.552018039446782627e-01,6.802489871900958551e-01,3.056594050852022293e-01,3.915922844914103140e-01,5.643789055330139526e-01
4.037652573151682689e-01,6.802489871900958551e-01,3.517352361560307505e-01,6.721101255211039405e-01,6.252054240641702343e-01,6.287270252011547544e-01
4.332252564844223941e-01,3.056594050852022293e-01,6.721101255211039405e-01,6.856443446985299728e-01,5.280314241884926929e-01,4.427524902940049856e-01
8.991908930788511389e-01,3.915922844914103140e-01,6.252054240641702343e-01,5.280314241884926929e-01,2.652035375212243862e-01,4.359360439238952889e-01
8.312362063690006408e-01,5.643789055330139526e-01,6.287270252011547544e-01,4.427524902940049856e-01,4.359360439238952889e-01,6.771461236013227580e-01
