9.855507082305915434e-01,4.844307745221524408e-01,1.658817544640251995e-01,4.514538522889666172e-01,3.233589366170853685e-01,8.040248903644371392e-01
4.844307745221524408e-01,4.848793468404600793e-01,1.871889142027007846e-01,1.701184854691411008e-01,6.660700559770320606e-01,3.045748783611654242e-01
1.658817544640251995e-01,1.871889142027007846e-01,1.326695742483818830e-02,7.164653780133161121e-01,1.047583285589844815e-01,5.189039257976932884e-01
4.514538522889666172e-01,1.701184854691411008e-01,7.164653780133161121e-01,5.055784364065979419e-01,5.300472158980427118e-01,8.174770489224343351e-01
3.233589366170853685e-01,6.660700559770320606e-01,1.047583285589844815e-01,5.300472158980427118e-01,2.282046579248138141e-01,1.546868632467046090e-01
8.040248903644371392e-01,3.045748783611654242e-01,5.189039257976932884e-01,8.174770489224343351e-01,1.546868632467046090e-01,7.381148807890903774e-01
