8.006100141219676392e-01,2.806472627371541240e-01,7.328479518630787171e-01,2.090946738589903875e-01,6.170712636058470757e-01,5.699100880029230876e-01,3.167976046599539353e-01
2.806472627371541240e-01,4.083928448829955427e-01,5.037618503353100685e-01,5.682998451031219256e-01,5.603223085846946727e-01,7.250316997235011218e-01,6.681371991680904454e-01
7.328479518630787171e-01,5.037618503353100685e-01,3.590829938126995913e-01,7.665515559801653334e-01,7.318830298354230823e-01,4.860045158055139036e-01,5.459925186732828006e-01
2.090946738589903875e-01,5.682998451031219256e-01,7.665515559801653334e-01,2.620335467381964545e-01,7.767031058579344505e-01,5.570198918843587421e-01,5.814235890482739588e-01
6.170712636058470757e-01,5.603223085846946727e-01,7.318830298354230823e-01,7.767031058579344505e-01,1.222830371037321173e-01,2.196348542767058709e-01,3.487329949959536712e-01
5.699100880029230876e-01,7.250316997235011218e-01,4.860045158055139036e-01,5.570198918843587421e-01,2.196348542767058709e-01,8.934418152880313491e-01,7.872552402045643882e-01
3.167976046599539353e-01,6.681371991680904454e-01,5.459925186732828006e-01,5.814235890482739588e-01,3.487329949959536712e-01,7.872552402045643882e-01,4.114671889616072775e-01
