1.370538447451085107e-01,3.251769064455499181e-01,4.670887531993258568e-01,4.132932895037805254e-01,4.400349517236880614e-01,5.938140406589111908e-01
3.251769064455499181e-01,2.506856236844574592e-01,4.553810948697818439e-01,9.152482405013900868e-02,5.448545787790768369e-01,2.266403033712895976e-01
4.670887531993258568e-01,4.553810948697818439e-01,9.474544029706829518e-01,4.135486797520203095e-01,9.636538559607760179e-02,4.499248081601390781e-01
4.132932895037805254e-01,9.152482405013900868e-02,4.135486797520203095e-01,8.964579107892487464e-01,8.120322814108866805e-01,4.400344690972775030e-01
4.400349517236880614e-01,5.448545787790768369e-01,9.636538559607760179e-02,8.120322814108866805e-01,7.949636380595304086e-02,4.680054967357825668e-01
5.938140406589111908e-01,2.266403033712895976e-01,4.499248081601390781e-01,4.400344690972775030e-01,4.680054967357825668e-01,8.316986398757817422e-01
