1.634993952707530784e-02,5.951720468426188182e-01,5.518569928081206166e-01,7.218779118888789537e-01,8.909711782271946268e-01,4.557086661385547632e-01,4.494686492091569674e-01
5.951720468426188182e-01,9.810446841475327640e-01,9.009906920038031064e-01,7.146825016934339470e-01,8.389116218418033455e-01,3.523637491864992088e-01,4.600738589021931557e-01
5.518569928081206166e-01,9.009906920038031064e-01,4.521011970683387338e-01,3.663276275301118323e-01,3.439504993397165533e-01,5.689742139131770404e-01,4.593567078758120092e-01
7.218779118888789537e-01,7.146825016934339470e-01,3.663276275301118323e-01,2.229931004359864133e-01,7.164450089888240170e-01,2.680710950911234791e-01,7.529089273880860134e-01
8.909711782271946268e-01,8.389116218418033455e-01,3.439504993397165533e-01,7.164450089888240170e-01,3.978015339192303435e-01,8.744794986317272478e-01,3.388096236791791616e-01
4.557086661385547632e-01,3.523637491864992088e-01,5.689742139131770404e-01,2.680710950911234791e-01,8.744794986317272478e-01,7.652716355013495786e-01,5.869916992625676677e-01
4.494686492091569674e-01,4.600738589021931557e-01,4.593567078758120092e-01,7.529089273880860134e-01,3.388096236791791616e-01,5.869916992625676677e-01,1.660209541478924189e-01
