7.697250958401095078e-01,2.077735026986402000e-01,7.866274949319476129e-01,3.581344910237995172e-01,3.711194318892839794e-01,9.614507762567643390e-01
2.077735026986402000e-01,9.221527032583776151e-01,8.766298966744190402e-01,6.527974128402722620e-01,8.789195628226165180e-01,6.006894813103971220e-01
7.866274949319476129e-01,8.766298966744190402e-01,8.091263887443560510e-01,5.380372863221656310e-01,6.092418452947112595e-01,3.963394632005509677e-01
3.581344910237995172e-01,6.527974128402722620e-01,5.380372863221656310e-01,4.389586640909792781e-02,1.720265892085088288e-01,1.884703106482243928e-01
3.711194318892839794e-01,8.789195628226165180e-01,6.092418452947112595e-01,1.720265892085088288e-01,4.021455809741044662e-01,6.185861296844983315e-01
9.614507762567643390e-01,6.006894813103971220e-01,3.963394632005509677e-01,1.884703106482243928e-01,6.185861296844983315e-01,2.201358676259775882e-01
