8.201611517601513635e-01,4.613298406389292894e-01,5.681946960601829133e-01,1.450134668972949958e-01,4.888372977671713859e-01,7.686532329256092755e-01,9.664819438302130195e-02
4.613298406389292894e-01,4.191910038050183918e-02,3.919960081585422973e-01,3.125899695603339135e-01,6.829465799349343502e-01,6.705128832193154587e-01,4.796059177345051716e-01
5.681946960601829133e-01,3.919960081585422973e-01,2.235777170078203646e-01,7.130051425997051551e-01,6.397854106933458240e-01,4.022671586627716844e-01,5.830211583679661969e-01
1.450134668972949958e-01,3.125899695603339135e-01,7.130051425997051551e-01,8.689583257828563667e-01,3.673939875008624401e-01,5.381128320567853951e-01,5.404312752789320884e-01
4.888372977671713859e-01,6.829465799349343502e-01,6.397854106933458240e-01,3.673939875008624401e-01,1.490883313709153724e-01,7.679688239268029903e-01,5.459455441443878954e-01
7.686532329256092755e-01,6.705128832193154587e-01,4.022671586627716844e-01,5.381128320567853951e-01,7.679688239268029903e-01,4.541872450460133770e-01,1.979608727077263319e-01
9.664819438302130195e-02,4.796059177345051716e-01,5.830211583679661969e-01,5.404312752789320884e-01,5.459455441443878954e-01,1.979608727077263319e-01,5.875891243503772454e-02
