4.902485608136785133e-01,9.416740587961484055e-01,1.950280800525023284e-01,8.570979489363494963e-01,2.325179855055339306e-01,2.381607121020903328e-01,4.456968300974288311e-01
9.416740587961484055e-01,4.485531808638718587e-01,4.227478401263582986e-01,4.369948426303542077e-01,6.364461435494694896e-01,6.104466281157772123e-01,9.128458690226433081e-01
1.950280800525023284e-01,4.227478401263582986e-01,2.329158229619476828e-01,6.582836709391228780e-01,6.852969323684722225e-01,6.816871004462481398e-01,5.024403931936611833e-01
8.570979489363494963e-01,4.369948426303542077e-01,6.582836709391228780e-01,9.058860445381066162e-01,2.403205640004509869e-01,5.103794679140447599e-01,4.954562152746799786e-02
2.325179855055339306e-01,6.364461435494694896e-01,6.852969323684722225e-01,2.403205640004509869e-01,2.751778855407709390e-01,3.600398877606091341e-01,8.916170732837382928e-01
2.381607121020903328e-01,6.104466281157772123e-01,6.816871004462481398e-01,5.103794679140447599e-01,3.600398877606091341e-01,4.368559659396707984e-01,8.210550431350807088e-01
4.456968300974288311e-01,9.128458690226433081e-01,5.024403931936611833e-01,4.954562152746799786e-02,8.916170732837382928e-01,8.210550431350807088e-01,2.844095285260721528e-01
