1.327392188199554290e-01,5.312279030150104386e-01,2.015412449172622744e-01,3.505648659095503272e-01,6.155873283579171851e-01,5.178229477494125099e-01
5.312279030150104386e-01,8.585465778155676464e-01,6.743703699766427917e-01,7.411816330970997235e-01,7.915629799958756596e-02,7.596759906745063073e-01
2.015412449172622744e-01,6.743703699766427917e-01,7.925056262346845681e-01,7.483301800057930997e-01,5.512211903215018527e-01,8.197354176379825219e-01
3.505648659095503272e-01,7.411816330970997235e-01,7.483301800057930997e-01,5.324024298726937054e-02,5.742813243794244737e-01,3.935248570442747007e-01
6.155873283579171851e-01,7.915629799958756596e-02,5.512211903215018527e-01,5.742813243794244737e-01,7.111565005531850225e-01,3.996030710025879062e-01
5.178229477494125099e-01,7.596759906745063073e-01,8.197354176379825219e-01,3.935248570442747007e-01,3.996030710025879062e-01,2.950721613730046267e-01
