9.620447382782418844e-01,4.629307580949817424e-01,5.337437372973843352e-01,3.990009994344876354e-01,5.519135100971699348e-01,6.682882784466710469e-01
4.629307580949817424e-01,3.302791604403837455e-01,7.574675139023053783e-01,1.452992081088617660e-01,3.898051723844658811e-01,3.913489459790520097e-01
5.337437372973843352e-01,7.574675139023053783e-01,5.651032580759300927e-01,3.059503294224885650e-01,4.286410163116635141e-01,2.804129206810589414e-01
3.990009994344876354e-01,1.452992081088617660e-01,3.059503294224885650e-01,6.173292494617800275e-01,6.806822378050452205e-01,6.334028863084943950e-01
5.519135100971699348e-01,3.898051723844658811e-01,4.286410163116635141e-01,6.806822378050452205e-01,7.963173370518961125e-01,8.483008650026260256e-01
6.682882784466710469e-01,3.913489459790520097e-01,2.804129206810589414e-01,6.334028863084943950e-01,8.483008650026260256e-01,3.666856822577377883e-01
