6.683836876899759138e-01,4.362969969447513807e-01,3.966429951367840823e-01,2.181232196601500251e-01,5.797096360873561505e-01,4.502073779876138993e-01,9.951327619569022565e-01
4.362969969447513807e-01,3.223221956824539047e-01,6.605215572960785320e-01,6.475291409583732172e-01,3.098904178758410399e-01,2.543314745519707487e-01,4.953121074284988490e-01
3.966429951367840823e-01,6.605215572960785320e-01,4.269281340778493528e-01,2.848053042073594443e-01,8.812802098212013657e-01,6.259184697360704597e-01,3.779175433828730890e-01
2.181232196601500251e-01,6.475291409583732172e-01,2.848053042073594443e-01,2.509990154753570790e-01,1.693965644514636160e-01,4.054192811131525076e-01,8.715776399506265371e-01
5.797096360873561505e-01,3.098904178758410399e-01,8.812802098212013657e-01,1.693965644514636160e-01,1.633823803791187856e-01,4.203030440031882975e-01,5.364996577496288221e-01
4.502073779876138993e-01,2.543314745519707487e-01,6.259184697360704597e-01,4.054192811131525076e-01,4.203030440031882975e-01,9.742102633957533397e-01,6.334957552141151638e-01
9.951327619569022565e-01,4.953121074284988490e-01,3.779175433828730890e-01,8.715776399506265371e-01,5.364996577496288221e-01,6.334957552141151638e-01,1.815033849431536561e-01
