5.806873908118692640e-01,4.562420029950180478e-01,6.311493929285496574e-01,5.475929477864660555e-01,3.704859960044210032e-01,7.398713685555236008e-01
4.562420029950180478e-01,1.542433479214677661e-03,6.905974219458996810e-01,4.984166074198038143e-01,9.210311775151132085e-01,2.798721543157332570e-01
6.311493929285496574e-01,6.905974219458996810e-01,8.380072794362455335e-01,4.580396352638744228e-01,5.638418290440114777e-01,1.517281907862326196e-01
5.475929477864660555e-01,4.984166074198038143e-01,4.580396352638744228e-01,6.070027871370489159e-01,2.090399089309313840e-01,8.011278122058959061e-01
3.704859960044210032e-01,9.210311775151132085e-01,5.638418290440114777e-01,2.090399089309313840e-01,9.943588868805605108e-01,6.630082890777848625e-01
7.398713685555236008e-01,2.798721543157332570e-01,1.517281907862326196e-01,8.011278122058959061e-01,6.630082890777848625e-01,1.155720436033059739e-01
