8.403767320501520643e-03,2.252001936813509686e-01,3.879721097164336441e-01,6.200743419032742620e-01,1.518470049314761261e-01,4.882958828312270461e-01
2.252001936813509686e-01,8.940664677294650753e-01,5.618120756599708221e-01,5.218053968500759865e-01,5.545291529600427927e-01,1.888871244317913978e-01
3.879721097164336441e-01,5.618120756599708221e-01,4.033771547127115165e-01,6.977703760109275066e-01,4.834164558226245467e-01,5.861321826970429250e-01
6.200743419032742620e-01,5.218053968500759865e-01,6.977703760109275066e-01,8.761804499410682512e-01,3.964146251475144100e-01,4.266025928555836622e-01
1.518470049314761261e-01,5.545291529600427927e-01,4.834164558226245467e-01,3.964146251475144100e-01,3.780962323623056065e-01,3.443220859225349928e-01
4.882958828312270461e-01,1.888871244317913978e-01,5.861321826970429250e-01,4.266025928555836622e-01,3.443220859225349928e-01,1.269579316113076395e-01
