2.730020255494955972e-01,6.554553491344865535e-01,3.952315336413338431e-01,5.774576046633124182e-01,3.198340515990398258e-01,7.064939161796228717e-01
6.554553491344865535e-01,4.311120486567890930e-01,2.157895868419111296e-01,4.210426092559781397e-01,2.396173383741901364e-01,6.766614464160962683e-01
3.952315336413338431e-01,2.157895868419111296e-01,1.060402885533273665e-01,4.068440483668093743e-01,8.090667212633526617e-01,4.391226277931633559e-01
5.774576046633124182e-01,4.210426092559781397e-01,4.068440483668093743e-01,3.728338808761392231e-01,4.199416417847697813e-01,5.072366542290142055e-01
3.198340515990398258e-01,2.396173383741901364e-01,8.090667212633526617e-01,4.199416417847697813e-01,9.961895820694669501e-01,5.222697150156296875e-01
7.064939161796228717e-01,6.766614464160962683e-01,4.391226277931633559e-01,5.072366542290142055e-01,5.222697150156296875e-01,1.003910258564669755e-01
