4.384638754045957487e-01,4.976423899891275204e-01,7.810887766050051972e-01,4.845540389253467084e-01,4.966294381588883811e-01,3.793066096821947064e-01
4.976423899891275204e-01,2.528184229609122813e-01,9.437105237611370656e-02,4.020159532790437140e-01,8.287556970555989277e-01,5.520900476414658531e-01
7.810887766050051972e-01,9.437105237611370656e-02,1.164538043916013565e-01,1.849883578342138568e-01,2.834986163704530937e-01,5.207919245694265786e-01
4.845540389253467084e-01,4.020159532790437140e-01,1.849883578342138568e-01,4.181757135670403080e-01,6.589002858339119140e-01,3.614678939483323972e-01
4.966294381588883811e-01,8.287556970555989277e-01,2.834986163704530937e-01,6.589002858339119140e-01,2.938083650946764491e-01,5.497750631995894643e-01
3.793066096821947064e-01,5.520900476414658531e-01,5.207919245694265786e-01,3.614678939483323972e-01,5.497750631995894643e-01,7.035914324305723166e-01
