6.257657605895121655e-01,7.855776939244598633e-01,5.222351933126232471e-01,3.025646643229057964e-01,3.782863908845726653e-01,4.279635981322015281e-01,6.528620083199605517e-01
7.855776939244598633e-01,4.406710262656998722e-02,6.589662032734027175e-01,4.238306888644984283e-01,3.717895143627077403e-01,1.390702158286211687e-01,5.360778865357338496e-01
5.222351933126232471e-01,6.589662032734027175e-01,6.656913737438794332e-01,3.972737048143045180e-01,3.634578270736703587e-01,6.244567692322653407e-01,7.733932502868855474e-01
3.025646643229057964e-01,4.238306888644984283e-01,3.972737048143045180e-01,4.772458210341042895e-01,5.332944581546517071e-01,7.497871981119225149e-01,2.047157284624387397e-01
3.782863908845726653e-01,3.717895143627077403e-01,3.634578270736703587e-01,5.332944581546517071e-01,7.583156352500144415e-01,8.258967620111856700e-02,3.574858563198460848e-01
4.279635981322015281e-01,1.390702158286211687e-01,6.244567692322653407e-01,7.497871981119225149e-01,8.258967620111856700e-02,2.778110444727118766e-01,5.458918488420796411e-01
6.528620083199605517e-01,5.360778865357338496e-01,7.733932502868855474e-01,2.047157284624387397e-01,3.574858563198460848e-01,5.458918488420796411e-01,8.805386205719263337e-01
