3.119125530075507191e-01,3.682182652250782784e-01,5.166103292495640709e-01,4.083348264005750572e-01,2.692626546405762489e-01,7.286279894450592431e-01
3.682182652250782784e-01,9.431114479378660542e-01,1.667320946448033192e-01,7.745965578666493823e-01,1.889470443657350063e-01,2.960773364082291970e-01
5.166103292495640709e-01,1.667320946448033192e-01,8.443932845952815125e-01,5.505428488853900681e-01,8.024850855454995768e-01,5.993730616257896271e-01
4.083348264005750572e-01,7.745965578666493823e-01,5.505428488853900681e-01,1.995268458600010231e-01,2.739912521080459795e-01,5.241713337346991519e-01
2.692626546405762489e-01,1.889470443657350063e-01,8.024850855454995768e-01,2.739912521080459795e-01,6.764525354752710662e-01,4.688239220669070950e-01
7.286279894450592431e-01,2.960773364082291970e-01,5.993730616257896271e-01,5.241713337346991519e-01,4.688239220669070950e-01,8.150893969663730587e-02
