3.739856048956899937e-01,9.979660638596782318e-02,9.631479168697298920e-01,4.268594299994449837e-01,3.508174610018591211e-01,1.680847575088863510e-01
9.979660638596782318e-02,3.464261461293981492e-01,5.351252638867127764e-01,2.244970883294131192e-01,2.560497316647580845e-01,9.526921459186589169e-01
9.631479168697298920e-01,5.351252638867127764e-01,8.006830050491459128e-01,6.159709270743609633e-01,8.336297421335230329e-01,2.326540640072875532e-01
4.268594299994449837e-01,2.244970883294131192e-01,6.159709270743609633e-01,3.103897499982142261e-01,5.370451300522244287e-01,4.290087183032766371e-01
3.508174610018591211e-01,2.560497316647580845e-01,8.336297421335230329e-01,5.370451300522244287e-01,1.228659714074908926e-01,1.843132255816818943e-01
1.680847575088863510e-01,9.526921459186589169e-01,2.326540640072875532e-01,4.290087183032766371e-01,1.843132255816818943e-01,9.198768284695733044e-01
