9.199447592360511239e-01,5.524829850283025090e-01,7.911634088425607558e-01,4.778674272530956113e-01,4.822362816758015147e-01,8.532932542679190213e-01
5.524829850283025090e-01,8.723137861929719516e-02,1.971454182252654896e-01,2.848623888212996613e-01,5.598359883736018228e-01,3.552791290412884995e-01
7.911634088425607558e-01,1.971454182252654896e-01,4.741886634957311886e-01,5.653990059684558256e-01,4.351027135191826711e-01,5.407708547287147782e-01
4.778674272530956113e-01,2.848623888212996613e-01,5.653990059684558256e-01,1.752326476848734549e-01,4.561395854422057861e-01,1.326000917256868195e-01
4.822362816758015147e-01,5.598359883736018228e-01,4.351027135191826711e-01,4.561395854422057861e-01,3.499179386861042129e-01,3.367837585327963512e-01
8.532932542679190213e-01,3.552791290412884995e-01,5.407708547287147782e-01,1.326000917256868195e-01,3.367837585327963512e-01,9.691083095541059844e-01
