1.007606143949907329e-01,5.901224515744341037e-01,9.133734894042412344e-01,2.622684953146708353e-01,2.912975280733569039e-01,8.615048847500628160e-01,6.786228877485822597e-01
5.901224515744341037e-01,6.475058264610237257e-01,7.772409872461316649e-01,7.772742794018719925e-01,7.107384334408524129e-01,8.275446316358368026e-01,7.563965464280382189e-01
9.133734894042412344e-01,7.772409872461316649e-01,5.810510754450385340e-01,1.593032998455166660e-01,4.804333728600876929e-01,6.498530696783639815e-01,9.011328435906431622e-01
2.622684953146708353e-01,7.772742794018719925e-01,1.593032998455166660e-01,1.664286820082832019e-01,8.634150053437614769e-01,9.489261303687773763e-01,4.988565361330528081e-01
2.912975280733569039e-01,7.107384334408524129e-01,4.804333728600876929e-01,8.634150053437614769e-01,2.376407194191688665e-01,4.653741383020930655e-01,5.303598860129810078e-01
8.615048847500628160e-01,8.275446316358368026e-01,6.498530696783639815e-01,9.489261303687773763e-01,4.653741383020930655e-01,1.272923044688843985e-01,5.999991899525953798e-01
6.786228877485822597e-01,7.563965464280382189e-01,9.011328435906431622e-01,4.988565361330528081e-01,5.303598860129810078e-01,5.999991899525953798e-01,7.779557666273484440e-02
