5.658635648981594768e-01,5.457566694527677953e-01,3.545407797901673486e-01,5.523273192417905708e-01,1.862603273779329660e-01,1.723272630839686737e-01,5.122544696253052976e-01
5.457566694527677953e-01,5.746541150195009218e-01,4.569808246216504610e-01,4.060703083385976409e-01,1.067869292965877848e-01,7.858160221775003507e-01,5.491686354215545851e-01
3.545407797901673486e-01,4.569808246216504610e-01,9.991172180501752820e-01,5.494150569567570752e-01,6.713723757856382424e-01,4.309977070254330522e-01,3.400488456574195517e-01
5.523273192417905708e-01,4.060703083385976409e-01,5.494150569567570752e-01,6.719804605599201119e-01,8.102761758281424864e-01,3.304095335654043120e-01,5.064029567234171747e-01
1.862603273779329660e-01,1.067869292965877848e-01,6.713723757856382424e-01,8.102761758281424864e-01,2.674228632810506934e-01,5.332069307471574149e-01,6.582434579304563549e-01
1.723272630839686737e-01,7.858160221775003507e-01,4.309977070254330522e-01,3.304095335654043120e-01,5.332069307471574149e-01,9.846044155997166758e-01,9.782553153970402482e-02
5.122544696253052976e-01,5.491686354215545851e-01,3.400488456574195517e-01,5.064029567234171747e-01,6.582434579304563549e-01,9.782553153970402482e-02,3.235247891976688051e-01
