8.302193537786373145e-01,4.042323670787132395e-01,5.658053430569999209e-01,5.320277941245836750e-01,4.099236653552757459e-01,3.686036802695888959e-01,1.360491883588103024e-01
4.042323670787132395e-01,7.516147069333225517e-01,7.036167747863681932e-01,2.376575870581005834e-01,5.217718922916582125e-01,7.103936380222504177e-01,8.153661753944034807e-01
5.658053430569999209e-01,7.036167747863681932e-01,4.945757418872873679e-01,4.896202796625967468e-01,3.777157903030712860e-01,5.503109808250103985e-01,7.249709164348283608e-02
5.320277941245836750e-01,2.376575870581005834e-01,4.896202796625967468e-01,6.411938080735600787e-01,3.091293374022998086e-01,7.072099191782247329e-01,6.092357258982021850e-01
4.099236653552757459e-01,5.217718922916582125e-01,3.777157903030712860e-01,3.091293374022998086e-01,8.486830018431138489e-01,6.222092794857895237e-01,2.493469748401070940e-01
3.686036802695888959e-01,7.103936380222504177e-01,5.503109808250103985e-01,7.072099191782247329e-01,6.222092794857895237e-01,8.953801774466895180e-01,8.972530547846606641e-01
1.360491883588103024e-01,8.153661753944034807e-01,7.249709164348283608e-02,6.092357258982021850e-01,2.493469748401070940e-01,8.972530547846606641e-01,5.201458612687948069e-01
