1.037968325234728262e-02,6.337905273661088579e-01,7.304009000229041426e-01,9.253917403491146443e-02,2.039041774659186013e-01,9.305575909450825023e-01
6.337905273661088579e-01,9.232836451042921722e-01,3.828612570661719672e-01,6.062659226319782046e-01,3.646283004301075770e-01,6.782256159483183167e-01
7.304009000229041426e-01,3.828612570661719672e-01,7.718469058360297730e-01,4.816620141209131956e-01,8.034782758415639492e-01,4.728319094232847353e-01
9.253917403491146443e-02,6.062659226319782046e-01,4.816620141209131956e-01,9.910486098961849288e-01,3.290678370575137457e-01,9.218394080318161876e-01
2.039041774659186013e-01,3.646283004301075770e-01,8.034782758415639492e-01,3.290678370575137457e-01,3.195125102151630259e-01,3.465897358722232480e-01
9.305575909450825023e-01,6.782256159483183167e-01,4.728319094232847353e-01,9.218394080318161876e-01,3.465897358722232480e-01,4.510380734550798465e-01
