4.326742690244053113e-01,3.072551627259063056e-01,7.069873809588855806e-02,5.750268997823451134e-01,4.157438165152478327e-01,1.924431583102053644e-01,8.753008182954744587e-01
3.072551627259063056e-01,3.560098402914047000e-03,5.657957249934179034e-01,3.754747967707480205e-01,7.886482766450626514e-01,4.709672541980495231e-01,6.485245127285231836e-01
7.069873809588855806e-02,5.657957249934179034e-01,1.896455752643577686e-02,5.037523061872872798e-01,4.004524866780987957e-01,4.803456713020045066e-01,3.815421710240731179e-01
5.750268997823451134e-01,3.754747967707480205e-01,5.037523061872872798e-01,8.051868948634703926e-01,6.827370711997372554e-01,2.116148373604727073e-01,4.111986591453598017e-01
4.157438165152478327e-01,7.886482766450626514e-01,4.004524866780987957e-01,6.827370711997372554e-01,9.819919243190255997e-04,4.659947688533192522e-01,7.356018448521557396e-01
1.924431583102053644e-01,4.709672541980495231e-01,4.803456713020045066e-01,2.116148373604727073e-01,4.659947688533192522e-01,3.824635478814860656e-01,5.056449036126120511e-01
8.753008182954744587e-01,6.485245127285231836e-01,3.815421710240731179e-01,4.111986591453598017e-01,7.356018448521557396e-01,5.056449036126120511e-01,8.619114236897326142e-01
