8.533958439291248199e-01,7.590802323420628994e-01,7.445090606639419573e-01,3.297436460202763375e-01,7.222964922854118175e-01,9.278430236087232830e-01
7.590802323420628994e-01,3.511890605776826213e-01,7.009070966753924159e-01,5.060137271330723552e-01,3.722507517397006804e-01,6.014352442451871283e-01
7.445090606639419573e-01,7.009070966753924159e-01,9.354163172654316183e-01,7.842422712808321261e-01,5.675109870977890214e-02,3.591378630653784820e-01
3.297436460202763375e-01,5.060137271330723552e-01,7.842422712808321261e-01,5.189728828859714316e-01,4.241383965174062576e-01,7.177593389038021687e-01
7.222964922854118175e-01,3.722507517397006804e-01,5.675109870977890214e-02,4.241383965174062576e-01,2.343863160833520309e-01,9.531842250019928464e-02
9.278430236087232830e-01,6.014352442451871283e-01,3.591378630653784820e-01,7.177593389038021687e-01,9.531842250019928464e-02,4.623527449951160273e-01
