6.904662729611348304e-01,3.724399080462260092e-01,4.875364115649606367e-01,1.982816782490647856e-01,4.792030384025633416e-01,4.225025556972231144e-01
3.724399080462260092e-01,4.025384700139126304e-01,4.703481806235464413e-01,3.906269738190272234e-01,9.516557511126702007e-01,5.293859712172777066e-02
4.875364115649606367e-01,4.703481806235464413e-01,9.699542846320218237e-01,6.026712315282095611e-01,6.247423216942884494e-01,4.628489009674686683e-01
1.982816782490647856e-01,3.906269738190272234e-01,6.026712315282095611e-01,2.236094254268288228e-01,5.665277426119391668e-01,5.705051090239503520e-01
4.792030384025633416e-01,9.516557511126702007e-01,6.247423216942884494e-01,5.665277426119391668e-01,6.116668144465431389e-03,5.505958733996707544e-02
4.225025556972231144e-01,5.293859712172777066e-02,4.628489009674686683e-01,5.705051090239503520e-01,5.505958733996707544e-02,2.010658875193951367e-01
