3.270172248895519829e-02,6.338329494593413216e-01,5.533646330177317552e-01,5.655733295295228835e-01,8.198359801366523758e-01,3.158812452667331128e-01
6.338329494593413216e-01,7.708973583954047415e-01,2.727719846713626550e-01,4.497710093234263962e-01,4.463532794630419298e-01,5.542744956769629638e-01
5.533646330177317552e-01,2.727719846713626550e-01,8.882375419288341956e-01,3.816334941912332690e-01,5.749780379012887632e-01,5.611389263539527938e-01
5.655733295295228835e-01,4.497710093234263962e-01,3.816334941912332690e-01,3.057364721638233807e-01,3.205844754477312208e-01,1.855043908926004015e-01
8.198359801366523758e-01,4.463532794630419298e-01,5.749780379012887632e-01,3.205844754477312208e-01,2.757271288149000243e-01,2.554536282807164382e-01
3.158812452667331128e-01,5.542744956769629638e-01,5.611389263539527938e-01,1.855043908926004015e-01,2.554536282807164382e-01,1.265915597061793019e-01
