8.391050363544461099e-02,3.552817684752857530e-01,8.021571760834000919e-02,2.364469629435528297e-02,6.717907861078770138e-01,5.164211103021155713e-01
3.552817684752857530e-01,4.196131797917428408e-01,6.705362729379136244e-01,4.361103329686177310e-01,6.351258738046614560e-01,6.947956519986486779e-01
8.021571760834000919e-02,6.705362729379136244e-01,5.022889930681526671e-01,5.934791964840162581e-01,8.389180768456547810e-01,5.454725174188267411e-01
2.364469629435528297e-02,4.361103329686177310e-01,5.934791964840162581e-01,4.373217004549501130e-01,1.582882613509744574e-01,4.392690862482726555e-01
6.717907861078770138e-01,6.351258738046614560e-01,8.389180768456547810e-01,1.582882613509744574e-01,3.120210678706525353e-01,2.801008888375899342e-01
5.164211103021155713e-01,6.947956519986486779e-01,5.454725174188267411e-01,4.392690862482726555e-01,2.801008888375899342e-01,4.964009654490691981e-01
