7.251307584116312155e-01,6.662871012301219142e-01,1.358315218766003585e-01,4.940004961434995567e-01,4.330854509230821492e-01,2.802766555340538424e-01
6.662871012301219142e-01,1.159556897236587725e-01,7.513654051972185055e-01,2.887270208386886750e-01,2.029342215599928001e-01,6.880009697778179945e-01
1.358315218766003585e-01,7.513654051972185055e-01,5.511555829709378074e-01,4.709751450665771721e-01,3.156994332208415410e-01,7.635081833219745651e-01
4.940004961434995567e-01,2.887270208386886750e-01,4.709751450665771721e-01,4.571348371682106837e-01,8.067556954870291896e-02,4.683075743901924382e-01
4.330854509230821492e-01,2.029342215599928001e-01,3.156994332208415410e-01,8.067556954870291896e-02,7.972198619462387281e-01,1.601438721877836424e-01
2.802766555340538424e-01,6.880009697778179945e-01,7.635081833219745651e-01,4.683075743901924382e-01,1.601438721877836424e-01,7.736327788618380108e-02
