1.587268574002154153e-03,5.928157237448795636e-01,5.251112223532368173e-01,6.862476307505527284e-01,7.958422881480711197e-01,5.821021277787655768e-01
5.928157237448795636e-01,9.087217323589326101e-01,7.862647767774109120e-01,4.564931490378941192e-01,5.822975379999870693e-01,4.867982430946407590e-01
5.251112223532368173e-01,7.862647767774109120e-01,2.554593447156539021e-01,5.248174789850434951e-01,6.643868828854839759e-01,2.904796339338031608e-01
6.862476307505527284e-01,4.564931490378941192e-01,5.248174789850434951e-01,6.792188964486761682e-01,2.587111871602132962e-01,9.382051268730191573e-01
7.958422881480711197e-01,5.822975379999870693e-01,6.643868828854839759e-01,2.587111871602132962e-01,7.907919739795793435e-01,4.715267090934440741e-01
5.821021277787655768e-01,4.867982430946407590e-01,2.904796339338031608e-01,9.382051268730191573e-01,4.715267090934440741e-01,8.234198937701260324e-01
