9.110173290721743644e-01,6.627852580030125784e-01,8.469606941033758218e-01,3.946767535821710249e-01,9.032577548969416004e-01,1.989612153190800647e-01
6.627852580030125784e-01,5.805781810760486383e-01,2.926152051874526538e-01,3.561020979586704827e-01,5.745602460047714022e-01,3.988249599704536963e-01
8.469606941033758218e-01,2.926152051874526538e-01,4.317226230367611217e-01,6.508605949233051691e-01,8.110163565658067286e-01,5.900736428468986716e-01
3.946767535821710249e-01,3.561020979586704827e-01,6.508605949233051691e-01,3.242967747399708722e-01,4.083582797083891158e-01,5.276368704513347829e-01
9.032577548969416004e-01,5.745602460047714022e-01,8.110163565658067286e-01,4.083582797083891158e-01,4.094945601897438392e-01,7.434754418650413310e-01
1.989612153190800647e-01,3.988249599704536963e-01,5.900736428468986716e-01,5.276368704513347829e-01,7.434754418650413310e-01,3.857935527636300321e-01
