2.224034008010361552e-01,5.882583245387524862e-01,3.804231041831129256e-01,2.154306586949408797e-01,5.550369022922917450e-01,5.537334907087880786e-01
5.882583245387524862e-01,5.515297761194258852e-01,6.440864535572081717e-01,1.288233517483280410e-01,5.241685110318219376e-01,3.168387988952370282e-01
3.804231041831129256e-01,6.440864535572081717e-01,8.908256897446418243e-01,5.701144009259900836e-01,4.742736951391847144e-01,6.536001437374234779e-01
2.154306586949408797e-01,1.288233517483280410e-01,5.701144009259900836e-01,3.555596696994397510e-01,2.374235326459810946e-01,2.425252238292230356e-01
5.550369022922917450e-01,5.241685110318219376e-01,4.742736951391847144e-01,2.374235326459810946e-01,1.676977683226260618e-01,5.662487082577234432e-01
5.537334907087880786e-01,3.168387988952370282e-01,6.536001437374234779e-01,2.425252238292230356e-01,5.662487082577234432e-01,2.209278031062039682e-01
