2.996724305288605006e-01,8.082901997545566264e-01,5.332948028965006637e-01,5.015095989317739367e-01,6.099782574433614268e-01,4.678626260833917416e-01,3.501021893964915699e-01
8.082901997545566264e-01,9.561451620546312924e-01,8.159540716982056630e-01,1.095722578490865851e-01,3.774298147981766660e-01,7.812437238879241796e-01,8.502597349980540731e-01
5.332948028965006637e-01,8.159540716982056630e-01,4.574451803351009538e-01,3.078300342052895378e-01,3.367848528461949709e-01,8.115088422858518502e-01,9.254616962122111934e-01
5.015095989317739367e-01,1.095722578490865851e-01,3.078300342052895378e-01,7.622253632011212199e-01,5.027304011777677939e-01,4.473249501218657942e-01,6.508869864745763234e-01
6.099782574433614268e-01,3.774298147981766660e-01,3.367848528461949709e-01,5.027304011777677939e-01,5.884951918109752045e-01,3.393453231615989329e-01,7.521086198668514022e-01
4.678626260833917416e-01,7.812437238879241796e-01,8.115088422858518502e-01,4.473249501218657942e-01,3.393453231615989329e-01,3.201091692601580885e-01,4.996085448805417939e-01
3.501021893964915699e-01,8.502597349980540731e-01,9.254616962122111934e-01,6.508869864745763234e-01,7.521086198668514022e-01,4.996085448805417939e-01,6.396252041117568288e-01
