7.033931693389354756e-01,6.656621583551500798e-01,8.731779094333631530e-01,3.219162792119373284e-01,5.253248139556320195e-01,8.489940397730449950e-02
6.656621583551500798e-01,9.446041516709429153e-01,3.923099443493832106e-01,4.025428106510343107e-01,6.577614210492441771e-01,7.090269950525028841e-01
8.731779094333631530e-01,3.923099443493832106e-01,8.480631488450490751e-01,3.548487399486026650e-01,6.830126853383202690e-01,6.549663711085812468e-01
3.219162792119373284e-01,4.025428106510343107e-01,3.548487399486026650e-01,2.589711442654044626e-01,2.343105058139176022e-01,4.070892445104934421e-01
5.253248139556320195e-01,6.577614210492441771e-01,6.830126853383202690e-01,2.343105058139176022e-01,7.188821962897061768e-01,2.089896802324313074e-01
8.489940397730449950e-02,7.090269950525028841e-01,6.549663711085812468e-01,4.070892445104934421e-01,2.089896802324313074e-01,7.331886706138068810e-01
