4.130514168524432872e-01,3.819237327806463411e-01,4.298368747489291208e-01,5.410891113782279049e-01,5.741704063074575259e-01,8.916465230082716298e-01
3.819237327806463411e-01,3.190831390837448600e-01,4.120733788779903928e-01,5.343499806190574741e-01,3.233560747818326475e-01,7.424721234170821305e-01
4.298368747489291208e-01,4.120733788779903928e-01,9.656539504235339688e-01,4.680104012101517497e-01,7.637514800828537620e-02,6.031044167347601181e-01
5.410891113782279049e-01,5.343499806190574741e-01,4.680104012101517497e-01,4.150552601608530345e-01,5.855923733062895487e-01,3.432200065108044207e-01
5.741704063074575259e-01,3.233560747818326475e-01,7.637514800828537620e-02,5.855923733062895487e-01,3.162473168498201037e-01,2.752361568035736061e-01
8.916465230082716298e-01,7.424721234170821305e-01,6.031044167347601181e-01,3.432200065108044207e-01,2.752361568035736061e-01,3.687993232518734787e-01
