5.176470039803027223e-02,3.438496967862428866e-01,5.201550610616271220e-01,4.795003954547071845e-01,6.607509162290229332e-01,7.431961601085186331e-01,6.213575785713221222e-01
3.438496967862428866e-01,8.559793189278239733e-01,3.833562861329411486e-01,2.042607175365563910e-01,4.348463493739956331e-01,1.176787903937092650e-01,7.897207260216321245e-01
5.201550610616271220e-01,3.833562861329411486e-01,5.020107158938857950e-02,5.740295571396326624e-01,6.677950129209377916e-01,5.311244352714882266e-01,6.021508005650150208e-01
4.795003954547071845e-01,2.042607175365563910e-01,5.740295571396326624e-01,8.095902656601970948e-01,2.197088769866986646e-01,4.995008359171929646e-01,6.399501835808825145e-01
6.607509162290229332e-01,4.348463493739956331e-01,6.677950129209377916e-01,2.197088769866986646e-01,5.017827518952774346e-01,7.322539611361280620e-01,3.780731427573114645e-01
7.431961601085186331e-01,1.176787903937092650e-01,5.311244352714882266e-01,4.995008359171929646e-01,7.322539611361280620e-01,8.505117821963081859e-01,4.914726766005614311e-01
6.213575785713221222e-01,7.897207260216321245e-01,6.021508005650150208e-01,6.399501835808825145e-01,3.780731427573114645e-01,4.914726766005614311e-01,1.139475589252828547e-01
