6.863845474713134998e-01,6.603568100874335212e-01,4.654846069041232992e-01,3.726536675304600310e-01,2.086544318539685361e-01,3.612838243459997045e-01
6.603568100874335212e-01,5.359524195418705617e-01,2.767359648965997954e-01,8.343091628630479040e-01,5.050138368950140011e-01,4.698488423229064126e-01
4.654846069041232992e-01,2.767359648965997954e-01,4.635370181784628230e-01,3.244760630317347627e-01,2.266542093176113770e-01,3.400074447395975974e-01
3.726536675304600310e-01,8.343091628630479040e-01,3.244760630317347627e-01,1.440229592299953065e-01,9.186451683110073985e-01,5.562521020636703728e-01
2.086544318539685361e-01,5.050138368950140011e-01,2.266542093176113770e-01,9.186451683110073985e-01,4.362468198924436269e-01,1.766462526521680454e-01
3.612838243459997045e-01,4.698488423229064126e-01,3.400074447395975974e-01,5.562521020636703728e-01,1.766462526521680454e-01,2.837875285294620964e-01
