2.002003116761992274e-01,7.242933571171095153e-01,3.638349104831993808e-01,2.731544625849556818e-01,2.137485399284202447e-01,4.505955387211740271e-01
7.242933571171095153e-01,4.121372937730954922e-01,8.609791941782207747e-01,9.032182895513944931e-01,1.547530074442264869e-01,5.890716991283229120e-01
3.638349104831993808e-01,8.609791941782207747e-01,3.784586270413913267e-01,7.293743514442796450e-01,7.251434055318228822e-01,6.787803917380854646e-01
2.731544625849556818e-01,9.032182895513944931e-01,7.293743514442796450e-01,1.891560767052293812e-01,7.612795286576408138e-01,5.960873198828022801e-01
2.137485399284202447e-01,1.547530074442264869e-01,7.251434055318228822e-01,7.612795286576408138e-01,1.918154016776543180e-01,3.841925258635978113e-01
4.505955387211740271e-01,5.890716991283229120e-01,6.787803917380854646e-01,5.960873198828022801e-01,3.841925258635978113e-01,4.744749793806187776e-01
