5.375879742939720929e-01,3.840718215918099143e-01,5.380825145970487000e-01,4.856024193646887865e-01,2.894079790617561931e-01,4.908556953035149717e-01,5.404797900853576254e-01
3.840718215918099143e-01,3.053359477895648544e-01,3.910128618858754179e-01,4.692863718579411980e-01,2.625157456323139460e-01,1.756989240867731783e-01,6.225118505146709502e-01
5.380825145970487000e-01,3.910128618858754179e-01,7.017218254846434577e-01,7.471263466989057633e-01,4.628247669697472255e-01,9.177522915566497241e-01,4.252903180632727209e-01
4.856024193646887865e-01,4.692863718579411980e-01,7.471263466989057633e-01,9.053033274567279243e-02,5.174526984411033093e-01,4.154196463384198790e-01,6.819188054463021231e-01
2.894079790617561931e-01,2.625157456323139460e-01,4.628247669697472255e-01,5.174526984411033093e-01,1.146382714039001494e-01,4.811367949669075883e-01,5.098871542752765329e-01
4.908556953035149717e-01,1.756989240867731783e-01,9.177522915566497241e-01,4.154196463384198790e-01,4.811367949669075883e-01,4.908860765715131746e-01,4.713186121013417940e-01
5.404797900853576254e-01,6.225118505146709502e-01,4.252903180632727209e-01,6.819188054463021231e-01,5.098871542752765329e-01,4.713186121013417940e-01,3.175628128414992313e-01
