5.527906423547515047e-01,1.439591991958272810e-01,5.364312746891165551e-01,5.036230132598920051e-01,8.051205339084177570e-01,7.458366499830451080e-01
1.439591991958272810e-01,3.447999355705092528e-01,1.852392566383915251e-01,8.056129293656442147e-01,3.693974257988206777e-01,6.061834023989690623e-01
5.364312746891165551e-01,1.852392566383915251e-01,8.634203580599751904e-01,6.082991542121732875e-01,5.513123648476954131e-01,3.905627779436145475e-01
5.036230132598920051e-01,8.056129293656442147e-01,6.082991542121732875e-01,5.832038139621531503e-01,6.676054755090401471e-01,5.247508049985938339e-01
8.051205339084177570e-01,3.693974257988206777e-01,5.513123648476954131e-01,6.676054755090401471e-01,5.958150145785237051e-01,8.328403602172365083e-01
7.458366499830451080e-01,6.061834023989690623e-01,3.905627779436145475e-01,5.247508049985938339e-01,8.328403602172365083e-01,4.829902934461856034e-01
