9.488592300872520369e-01,7.733551065688684112e-01,6.340268001205344728e-01,5.087133663747480661e-01,6.366149222302044386e-01,4.405124779487046838e-01
7.733551065688684112e-01,9.959321460312031693e-01,6.848152879529743053e-01,8.277800775347965434e-01,6.082938361283427575e-01,9.373216591505577622e-01
6.340268001205344728e-01,6.848152879529743053e-01,1.022362881992608941e-01,7.048714489016842943e-01,5.388541861485516282e-01,5.019655473079738250e-01
5.087133663747480661e-01,8.277800775347965434e-01,7.048714489016842943e-01,8.609545005552280417e-01,7.999976079287747233e-01,1.733976579936351015e-01
6.366149222302044386e-01,6.082938361283427575e-01,5.388541861485516282e-01,7.999976079287747233e-01,7.288136006399995592e-01,1.772752675556692470e-01
4.405124779487046838e-01,9.373216591505577622e-01,5.019655473079738250e-01,1.733976579936351015e-01,1.772752675556692470e-01,6.758300952800688766e-02
