4.060347964559565259e-01,8.248823160358946804e-01,8.613492287939921166e-01,4.837937382066635483e-01,3.468093233836070932e-01,6.032374867045851019e-01
8.248823160358946804e-01,7.169045857030404978e-01,3.285684892921447164e-01,3.769934920515194410e-02,2.080882454431889905e-01,7.883431705623429320e-01
8.613492287939921166e-01,3.285684892921447164e-01,4.999270557303846507e-01,6.028673373102997335e-01,3.602451863002763544e-01,4.338337215028933436e-01
4.837937382066635483e-01,3.769934920515194410e-02,6.028673373102997335e-01,9.581656073875998159e-01,3.951010972722361902e-01,5.417101317264578775e-01
3.468093233836070932e-01,2.080882454431889905e-01,3.602451863002763544e-01,3.951010972722361902e-01,8.221867659837034381e-01,6.227295246086708147e-01
6.032374867045851019e-01,7.883431705623429320e-01,4.338337215028933436e-01,5.417101317264578775e-01,6.227295246086708147e-01,2.188933190649892113e-01
