1.969924263357150096e-01,3.791589775561075570e-01,5.836012987354535220e-01,5.406062959293196357e-01,5.105856348651978127e-01,2.928406488870441415e-01
3.791589775561075570e-01,7.967861768134524292e-01,1.980836799904093781e-01,5.974194223161005679e-01,5.291652303626992460e-01,9.464655982312515370e-01
5.836012987354535220e-01,1.980836799904093781e-01,8.505537613262130758e-01,3.500861159174907256e-01,4.219711755919575702e-01,6.379742092238691598e-01
5.406062959293196357e-01,5.974194223161005679e-01,3.500861159174907256e-01,1.394078410154463432e-01,4.229628794429219352e-01,5.280514635274605739e-01
5.105856348651978127e-01,5.291652303626992460e-01,4.219711755919575702e-01,4.229628794429219352e-01,6.576305951690878393e-01,8.223972624635953466e-01
2.928406488870441415e-01,9.464655982312515370e-01,6.379742092238691598e-01,5.280514635274605739e-01,8.223972624635953466e-01,1.280687450180034714e-01
