8.353169308096221046e-01,3.077448109127638443e-01,5.686201805786776919e-01,4.049307046097572194e-01,7.048987896465686021e-01,7.818517917903282655e-01
3.077448109127638443e-01,4.208994447000664607e-01,8.871553687784876630e-01,3.801846175499120628e-01,8.472305436712805893e-01,6.753123665662819075e-01
5.686201805786776919e-01,8.871553687784876630e-01,1.192735854082054292e-01,8.260486341148352007e-01,7.470396500429516973e-01,2.872267000110404478e-01
4.049307046097572194e-01,3.801846175499120628e-01,8.260486341148352007e-01,7.764151866623999476e-01,6.297449438792885879e-01,2.910977188247242942e-01
7.048987896465686021e-01,8.472305436712805893e-01,7.470396500429516973e-01,6.297449438792885879e-01,9.365646460745505886e-01,7.130809548515757434e-01
7.818517917903282655e-01,6.753123665662819075e-01,2.872267000110404478e-01,2.910977188247242942e-01,7.130809548515757434e-01,2.127631971933879873e-01
