1.147021586395085002e-01,5.129663636856248710e-01,4.822196512496747522e-01,2.893313387950403603e-01,2.041862891210318720e-01,6.703508354924134771e-01
5.129663636856248710e-01,5.122716672345706268e-01,7.612531410158059897e-01,2.454329060033887400e-01,6.790380247334280028e-01,4.053169960729338106e-01
4.822196512496747522e-01,7.612531410158059897e-01,7.344876941079498955e-01,4.679065456892149699e-01,1.853568224869163172e-01,5.297257544087337067e-01
2.893313387950403603e-01,2.454329060033887400e-01,4.679065456892149699e-01,9.025116018115609817e-01,5.110513391002472483e-01,6.011655794577362988e-01
2.041862891210318720e-01,6.790380247334280028e-01,1.853568224869163172e-01,5.110513391002472483e-01,5.198424548425584213e-02,4.187117200072921208e-01
6.703508354924134771e-01,4.053169960729338106e-01,5.297257544087337067e-01,6.011655794577362988e-01,4.187117200072921208e-01,9.277959398188151408e-01
