3.034738654724159490e-01,8.311270693627257344e-01,7.203283254527734769e-01,1.257650676880152640e-01,6.227999137978412758e-01,3.929064885136672181e-01
8.311270693627257344e-01,1.163772046369465629e-01,2.844462864504864186e-01,3.001487358607663469e-01,7.251076332224595244e-01,5.055721293743060674e-01
7.203283254527734769e-01,2.844462864504864186e-01,1.169112577991939794e-01,6.873137855475124347e-01,2.664175880177719891e-01,5.360785241707368698e-01
1.257650676880152640e-01,3.001487358607663469e-01,6.873137855475124347e-01,8.932780443211263410e-01,8.333102090121098371e-01,4.463106241403100305e-01
6.227999137978412758e-01,7.251076332224595244e-01,2.664175880177719891e-01,8.333102090121098371e-01,3.981067396590609597e-02,1.583394849767569279e-01
3.929064885136672181e-01,5.055721293743060674e-01,5.360785241707368698e-01,4.463106241403100305e-01,1.583394849767569279e-01,7.630967629698044430e-01
