1.973738412113482665e-01,5.388181906536417820e-01,3.388615695149962970e-01,3.795977527920427752e-01,7.063976026594882551e-01,6.953656416779347982e-01
5.388181906536417820e-01,9.009515941431984754e-01,5.321244087234063835e-01,2.739211624674363077e-01,1.349626275378269513e-01,7.849795233038941999e-01
3.388615695149962970e-01,5.321244087234063835e-01,2.140772577685565725e-01,7.584388293669092063e-01,4.843774843287975695e-01,5.015990219019511587e-01
3.795977527920427752e-01,2.739211624674363077e-01,7.584388293669092063e-01,4.086157160219627826e-01,2.022588333386370341e-01,8.095168912660425375e-01
7.063976026594882551e-01,1.349626275378269513e-01,4.843774843287975695e-01,2.022588333386370341e-01,5.662022462721360005e-01,8.656940727931066171e-01
6.953656416779347982e-01,7.849795233038941999e-01,5.015990219019511587e-01,8.095168912660425375e-01,8.656940727931066171e-01,2.474318385480575033e-01
