9.285179050301297643e-01,6.030767189378182236e-01,4.322472507680042431e-01,8.709721001331858226e-01,7.919889897706040571e-01,2.517765760790866003e-01,8.284514495936126099e-01
6.030767189378182236e-01,9.294322710859875825e-01,4.220319651075070677e-01,3.027516405383596232e-01,3.078914853832097065e-01,6.842752588162797078e-01,4.830957315998870572e-01
4.322472507680042431e-01,4.220319651075070677e-01,1.253350103297999896e-01,6.720858706742389721e-01,4.811821679542028218e-01,5.194805226024499234e-01,3.673137826599986999e-01
8.709721001331858226e-01,3.027516405383596232e-01,6.720858706742389721e-01,9.231024209645972700e-01,1.933007820743191107e-01,3.934580481888794723e-01,1.092459257508447412e-01
7.919889897706040571e-01,3.078914853832097065e-01,4.811821679542028218e-01,1.933007820743191107e-01,1.556424829478830762e-01,6.409749621246330076e-01,6.540663785231439764e-01
2.517765760790866003e-01,6.842752588162797078e-01,5.194805226024499234e-01,3.934580481888794723e-01,6.409749621246330076e-01,2.792795946487988124e-01,7.540858694270202722e-01
8.284514495936126099e-01,4.830957315998870572e-01,3.673137826599986999e-01,1.092459257508447412e-01,6.540663785231439764e-01,7.540858694270202722e-01,1.716966555232403158e-01
