3.482571201104922576e-01,6.377728821494248468e-01,2.629504567664269765e-01,3.225630711293845931e-01,5.129138987298915708e-01,4.865262526761508499e-01
6.377728821494248468e-01,8.756483580788404497e-01,8.556514703041400161e-01,6.808213285633248901e-01,5.646063512192061040e-01,6.698267861337023898e-01
2.629504567664269765e-01,8.556514703041400161e-01,2.759803878511597475e-01,4.067071928829123495e-01,6.328803208502269406e-01,5.339913822103397045e-01
3.225630711293845931e-01,6.808213285633248901e-01,4.067071928829123495e-01,6.177440826951267061e-01,4.838827512609317760e-01,7.134300030770076573e-01
5.129138987298915708e-01,5.646063512192061040e-01,6.328803208502269406e-01,4.838827512609317760e-01,9.957270615597266783e-01,5.911316291114453447e-01
4.865262526761508499e-01,6.698267861337023898e-01,5.339913822103397045e-01,7.134300030770076573e-01,5.911316291114453447e-01,6.781496068562247181e-01
