9.192111892684462493e-02,4.334044367534017894e-01,5.630732514363392394e-01,2.165006786066470679e-01,3.139710236014426337e-01,5.868193410744195759e-01,7.179202844828223018e-01
4.334044367534017894e-01,4.494919896851479191e-02,7.605818289764855189e-01,7.650867340885556533e-01,5.515615065933854311e-01,4.163362928786770722e-01,4.520496751217564224e-01
5.630732514363392394e-01,7.605818289764855189e-01,1.505444079591453654e-01,3.759814833502334586e-01,5.352215313737453961e-01,4.765083819870579718e-01,4.661704293572426216e-01
2.165006786066470679e-01,7.650867340885556533e-01,3.759814833502334586e-01,8.087850236061143727e-01,2.422712494413045703e-01,3.200500059607646608e-01,4.667782817381007088e-01
3.139710236014426337e-01,5.515615065933854311e-01,5.352215313737453961e-01,2.422712494413045703e-01,9.961889006355191256e-01,1.431870051736448546e-01,9.246280024572020029e-01
5.868193410744195759e-01,4.163362928786770722e-01,4.765083819870579718e-01,3.200500059607646608e-01,1.431870051736448546e-01,5.472813902615824011e-01,4.801198965597927026e-01
7.179202844828223018e-01,4.520496751217564224e-01,4.661704293572426216e-01,4.667782817381007088e-01,9.246280024572020029e-01,4.801198965597927026e-01,2.825642731353836812e-01
