6.734662920057192803e-01,1.805949253515645725e-01,8.078408635408829142e-01,6.154336505686748282e-01,1.922217581435441969e-01,3.302318312437538261e-01
1.805949253515645725e-01,6.821345254444954875e-02,6.814992635261065690e-01,9.699940703261684671e-01,3.086237578653712177e-01,4.365873201416871630e-01
8.078408635408829142e-01,6.814992635261065690e-01,9.038448893420190089e-01,7.094355512276055986e-01,6.146889831273125715e-01,3.727731460940635899e-01
6.154336505686748282e-01,9.699940703261684671e-01,7.094355512276055986e-01,9.401058026021088532e-01,6.912058096241853189e-01,3.308801194832973747e-01
1.922217581435441969e-01,3.086237578653712177e-01,6.146889831273125715e-01,6.912058096241853189e-01,6.715755169653349066e-01,1.735060864898307909e-01
3.302318312437538261e-01,4.365873201416871630e-01,3.727731460940635899e-01,3.308801194832973747e-01,1.735060864898307909e-01,8.813935133861300342e-01
