5.075766318617119799e-01,2.588657247364543612e-01,2.799318062482212266e-01,5.995335252376454704e-01,8.189184661760520179e-01,4.178285090735083251e-01
2.588657247364543612e-01,2.240655031844150935e-01,1.647421477084734520e-01,5.260799417022969937e-01,3.236015317120731760e-01,8.253854373238451725e-01
2.799318062482212266e-01,1.647421477084734520e-01,5.497195771987861690e-01,4.942385391339573775e-01,6.235637775997832088e-01,4.914613173969086812e-01
5.995335252376454704e-01,5.260799417022969937e-01,4.942385391339573775e-01,9.808183360840022624e-01,7.342545177067074658e-01,5.257710398727437617e-01
8.189184661760520179e-01,3.236015317120731760e-01,6.235637775997832088e-01,7.342545177067074658e-01,7.044244498149466738e-01,6.616808115592567319e-01
4.178285090735083251e-01,8.253854373238451725e-01,4.914613173969086812e-01,5.257710398727437617e-01,6.616808115592567319e-01,6.592764350998348011e-01
