9.082474034091677639e-01,8.545389255193593936e-01,2.978528315842884355e-01,2.466032429439508067e-01,6.860551180185212594e-01,8.149348629575342562e-02
8.545389255193593936e-01,4.971466393125345551e-01,2.404151970794856097e-01,8.634777593455089661e-01,7.695760163992713121e-01,3.298527751027809929e-01
2.978528315842884355e-01,2.404151970794856097e-01,7.117459487578048360e-02,4.538502252725639674e-01,9.559589165176576309e-01,3.464491413220406879e-01
2.466032429439508067e-01,8.634777593455089661e-01,4.538502252725639674e-01,7.299219772356311253e-01,4.895196229338885652e-01,4.916929978351806119e-01
6.860551180185212594e-01,7.695760163992713121e-01,9.559589165176576309e-01,4.895196229338885652e-01,7.142712564857488511e-01,4.181060498369832956e-01
8.149348629575342562e-02,3.298527751027809929e-01,3.464491413220406879e-01,4.916929978351806119e-01,4.181060498369832956e-01,6.379592681394264941e-01
