6.148069389966311915e-01,4.495695216483555634e-01,3.483267529907266291e-01,6.696846957726685368e-01,6.672860309773318566e-01,8.476842144725356132e-01
4.495695216483555634e-01,8.943483032242024455e-01,3.272511699394380358e-01,5.272712731971336275e-01,4.836568427971400519e-01,6.742338483397708471e-01
3.483267529907266291e-01,3.272511699394380358e-01,8.828644141553202429e-01,6.810132848286097884e-01,9.000153215784227889e-01,3.063859943370794703e-01
6.696846957726685368e-01,5.272712731971336275e-01,6.810132848286097884e-01,5.368139448392881263e-01,5.520594617055356590e-01,2.536470152850338611e-01
6.672860309773318566e-01,4.836568427971400519e-01,9.000153215784227889e-01,5.520594617055356590e-01,8.746689717158954158e-01,7.437659886394025754e-01
8.476842144725356132e-01,6.742338483397708471e-01,3.063859943370794703e-01,2.536470152850338611e-01,7.437659886394025754e-01,9.642420319931173101e-01
