9.754978684974349168e-01,1.669016455199012761e-01,6.211960971770524864e-01,2.351029051264901248e-01,4.118032454755273797e-01,2.840047576367928928e-01
1.669016455199012761e-01,1.637840363215131712e-01,5.300367413687607776e-01,2.961404721131671858e-01,2.608278232774965955e-01,6.713164499071440083e-01
6.211960971770524864e-01,5.300367413687607776e-01,5.450719874257458075e-01,2.106012682252207391e-01,3.076327491984900409e-01,5.234628094338402704e-01
2.351029051264901248e-01,2.961404721131671858e-01,2.106012682252207391e-01,9.553645825069874142e-01,2.848562474333478645e-01,2.155910178261201127e-01
4.118032454755273797e-01,2.608278232774965955e-01,3.076327491984900409e-01,2.848562474333478645e-01,1.947117876982734641e-01,5.116310198123632524e-01
2.840047576367928928e-01,6.713164499071440083e-01,5.234628094338402704e-01,2.155910178261201127e-01,5.116310198123632524e-01,3.702445986937712430e-01
