8.132724260256498638e-01,3.366433406947503815e-01,6.522406309218486964e-01,4.728779788463998712e-01,5.505216748448623632e-01,5.772997019504141347e-01
3.366433406947503815e-01,5.609944160144927361e-01,8.551563890236941745e-01,3.589220614523581099e-01,6.025124667532842926e-01,4.890380071992405098e-01
6.522406309218486964e-01,8.551563890236941745e-01,8.021668751933621611e-01,6.245639725785270269e-01,5.061550075661074288e-01,4.405426530060892465e-01
4.728779788463998712e-01,3.589220614523581099e-01,6.245639725785270269e-01,5.986265442713871732e-01,1.167424251593364160e-01,6.722691532191933383e-01
5.505216748448623632e-01,6.025124667532842926e-01,5.061550075661074288e-01,1.167424251593364160e-01,3.666128236068487700e-01,5.743382844447051383e-01
5.772997019504141347e-01,4.890380071992405098e-01,4.405426530060892465e-01,6.722691532191933383e-01,5.743382844447051383e-01,8.855443781090989175e-01
