5.902338568354825732e-02,6.929070106663354212e-01,2.953461112807846400e-01,1.806813659814049400e-01,6.726317370770251713e-01,3.940927563097267883e-01
6.929070106663354212e-01,4.806254859435651339e-01,6.186989031513763226e-01,3.407396838194480804e-01,2.493721601927706422e-01,5.038528800347990000e-01
2.953461112807846400e-01,6.186989031513763226e-01,5.850920670845582983e-01,5.383214817383303874e-01,3.170024348088946176e-01,4.474150653570893588e-01
1.806813659814049400e-01,3.407396838194480804e-01,5.383214817383303874e-01,2.313248290007581254e-01,7.972717168148301115e-01,8.241398683262958214e-01
6.726317370770251713e-01,2.493721601927706422e-01,3.170024348088946176e-01,7.972717168148301115e-01,7.160165989666353870e-01,6.814601568237718121e-01
3.940927563097267883e-01,5.038528800347990000e-01,4.474150653570893588e-01,8.241398683262958214e-01,6.814601568237718121e-01,2.846812790386272773e-01
