3.655025851823308081e-01,7.050396727252308260e-01,3.551202670059106503e-01,5.475608508112661532e-01,5.160095691378406846e-01,5.949398132719064813e-01
7.050396727252308260e-01,4.349013249969652106e-01,3.825422898458341603e-01,2.410090843084897183e-01,2.053119449559301368e-01,5.417549790339560856e-01
3.551202670059106503e-01,3.825422898458341603e-01,2.266016338746829062e-01,5.133340991930166464e-01,3.246205000953695796e-01,6.906337086151329574e-01
5.475608508112661532e-01,2.410090843084897183e-01,5.133340991930166464e-01,2.854452090592239921e-01,8.648217051421371870e-01,1.835082393415920499e-01
5.160095691378406846e-01,2.053119449559301368e-01,3.246205000953695796e-01,8.648217051421371870e-01,7.349066481629141778e-01,3.089405991027895371e-01
5.949398132719064813e-01,5.417549790339560856e-01,6.906337086151329574e-01,1.835082393415920499e-01,3.089405991027895371e-01,6.343287840084779194e-01
