9.974251949022449049e-01,5.690967981739504244e-01,6.006598152263303847e-01,4.616375301571123413e-01,8.295337390097543562e-01,3.676740575379952580e-01
5.690967981739504244e-01,8.058506145343310445e-01,2.563735806397868799e-01,9.078700220696651613e-01,2.019837626912392992e-01,9.978195093986184094e-01
6.006598152263303847e-01,2.563735806397868799e-01,8.589045893381124230e-01,6.334297832223546587e-01,5.136152056670162391e-01,3.304560135037299951e-01
4.616375301571123413e-01,9.078700220696651613e-01,6.334297832223546587e-01,8.888723501362194579e-01,2.350972776970064460e-01,7.421168633122023905e-01
8.295337390097543562e-01,2.019837626912392992e-01,5.136152056670162391e-01,2.350972776970064460e-01,3.647979309005258131e-01,3.724102234109494813e-01
3.676740575379952580e-01,9.978195093986184094e-01,3.304560135037299951e-01,7.421168633122023905e-01,3.724102234109494813e-01,2.885894876077180760e-01
