5.299855618464593965e-01,4.395330058483407076e-01,1.078407766741831808e-01,4.948629933409707804e-01,6.539090469201702671e-01,5.707322007392916507e-01
4.395330058483407076e-01,7.619477801064988842e-02,6.870720292378840188e-02,2.001929048315513882e-01,6.069280794614796415e-01,6.291053615647730357e-01
1.078407766741831808e-01,6.870720292378840188e-02,8.424322081650885696e-01,5.009033758717572615e-01,4.918609730435913874e-01,6.053041771413080196e-01
4.948629933409707804e-01,2.001929048315513882e-01,5.009033758717572615e-01,2.468226072746964039e-01,7.912627582406723814e-01,3.773466164831186243e-01
6.539090469201702671e-01,6.069280794614796415e-01,4.918609730435913874e-01,7.912627582406723814e-01,4.396493762341732170e-01,5.249015368255069980e-01
5.707322007392916507e-01,6.291053615647730357e-01,6.053041771413080196e-01,3.773466164831186243e-01,5.249015368255069980e-01,5.382042955276793439e-01
