3.304368356789848526e-01,1.271487634664569821e-01,7.607181029770458958e-01,7.246173702595570809e-01,4.687965326807075894e-01,4.711094906892401846e-01
1.271487634664569821e-01,9.635992109232947023e-01,3.551471383110465507e-01,6.002362751094935112e-01,8.201594539900390890e-01,4.500838691438230343e-01
7.607181029770458958e-01,3.551471383110465507e-01,9.580494325836075298e-03,6.403996792323514153e-01,6.062152011976771337e-01,5.771146482504205810e-01
7.246173702595570809e-01,6.002362751094935112e-01,6.403996792323514153e-01,5.738240532187613985e-01,4.687575425281953478e-01,5.053997535536713936e-01
4.687965326807075894e-01,8.201594539900390890e-01,6.062152011976771337e-01,4.687575425281953478e-01,6.423891732954901679e-01,5.783156732332688232e-01
4.711094906892401846e-01,4.500838691438230343e-01,5.771146482504205810e-01,5.053997535536713936e-01,5.783156732332688232e-01,1.330481572548691815e-01
