3.755865016300374837e-02,4.826676685645177600e-01,9.562226296337079656e-01,6.865801692806563494e-01,4.056218704015611687e-01,4.212327400912748709e-01
4.826676685645177600e-01,2.775857638871277455e-01,3.176288778390612411e-01,7.888480162983233512e-01,4.110296890648085233e-01,8.066709127386348932e-01
9.562226296337079656e-01,3.176288778390612411e-01,9.510746016252821233e-01,1.699397039553673938e-01,6.617441397143601911e-01,6.784410814760819530e-01
6.865801692806563494e-01,7.888480162983233512e-01,1.699397039553673938e-01,9.334377297221417846e-01,4.819028637233606083e-01,2.720733303397334102e-01
4.056218704015611687e-01,4.110296890648085233e-01,6.617441397143601911e-01,4.819028637233606083e-01,1.711225204315725001e-01,4.854986321035880681e-01
4.212327400912748709e-01,8.066709127386348932e-01,6.784410814760819530e-01,2.720733303397334102e-01,4.854986321035880681e-01,7.344397621475833304e-01
