8.832254354699041743e-01,1.418066161812731041e-02,1.578769499490699779e-01,3.048583318016495070e-01,7.090875326729202399e-01,2.466826029511590135e-01,6.024701172818149875e-01
1.418066161812731041e-02,9.833187356714949701e-01,2.730941347031599631e-01,5.508854624585339810e-01,7.741624294157232189e-01,1.908126473420653224e-01,3.123220710024980917e-01
1.578769499490699779e-01,2.730941347031599631e-01,9.928250175739521399e-01,1.177179839197917688e-01,3.817746912248096147e-01,4.269260335111980664e-01,3.040495468267243595e-01
3.048583318016495070e-01,5.508854624585339810e-01,1.177179839197917688e-01,7.804501346759753488e-01,5.777549402202224460e-01,5.254032798970036389e-01,4.446211181135669710e-01
7.090875326729202399e-01,7.741624294157232189e-01,3.817746912248096147e-01,5.777549402202224460e-01,7.893469284628552574e-01,6.015712938120967301e-01,6.623778839999554524e-01
2.466826029511590135e-01,1.908126473420653224e-01,4.269260335111980664e-01,5.254032798970036389e-01,6.015712938120967301e-01,8.682143118494073386e-01,6.758116295316687339e-01
6.024701172818149875e-01,3.123220710024980917e-01,3.040495468267243595e-01,4.446211181135669710e-01,6.623778839999554524e-01,6.758116295316687339e-01,9.859065567335296709e-01
