9.778009335223103449e-01,6.048974597902919692e-01,2.070830394698479626e-01,8.044782078044974138e-01,8.597727541599992085e-01,5.082890679510214671e-01
6.048974597902919692e-01,3.748181272649695472e-01,7.617548842843595569e-01,9.263208676313746670e-01,9.456603909919986117e-01,4.345066265813025130e-01
2.070830394698479626e-01,7.617548842843595569e-01,4.170533728797595208e-01,7.248297091789059898e-01,2.387407945661575992e-01,3.532681574738921748e-02
8.044782078044974138e-01,9.263208676313746670e-01,7.248297091789059898e-01,4.672385846939595133e-01,8.353444935502216673e-01,4.061681700747772905e-01
8.597727541599992085e-01,9.456603909919986117e-01,2.387407945661575992e-01,8.353444935502216673e-01,2.999641682204620130e-01,2.375729268825613194e-01
5.082890679510214671e-01,4.345066265813025130e-01,3.532681574738921748e-02,4.061681700747772905e-01,2.375729268825613194e-01,9.170945853386346380e-01
