6.077474883806448513e-01,6.787277391338797372e-01,2.787662450918908519e-01,3.285662948799241700e-01,5.876470928547981032e-01,8.575094413920989478e-01
6.787277391338797372e-01,4.595936189007956418e-01,2.543914472984019626e-01,6.237365060897699376e-01,4.638576866802131549e-01,4.293464472898410045e-01
2.787662450918908519e-01,2.543914472984019626e-01,7.947723926570826603e-02,3.617155824481474435e-01,4.222547125487299269e-01,6.607075828650235128e-01
3.285662948799241700e-01,6.237365060897699376e-01,3.617155824481474435e-01,3.252135811183750613e-01,5.528394957397745335e-01,5.797947027758659777e-01
5.876470928547981032e-01,4.638576866802131549e-01,4.222547125487299269e-01,5.528394957397745335e-01,7.090709793017270224e-01,1.188549604649736247e-01
8.575094413920989478e-01,4.293464472898410045e-01,6.607075828650235128e-01,5.797947027758659777e-01,1.188549604649736247e-01,3.851801081933309279e-01
