5.594571893535007501e-01,6.673192556452480773e-01,5.895513149120558127e-01,6.202412217676012141e-01,3.642127856905593153e-01,9.215154234941830280e-01
6.673192556452480773e-01,7.521294216187678350e-01,8.445393884178501454e-01,5.845739242444510930e-01,5.098972083824004908e-01,3.014286541988482893e-01
5.895513149120558127e-01,8.445393884178501454e-01,1.876430927369328039e-01,3.216922339763054750e-01,5.724927680831262133e-01,3.691553079792356251e-01
6.202412217676012141e-01,5.845739242444510930e-01,3.216922339763054750e-01,7.541967577976653736e-01,4.451013559878038706e-01,3.517815951228725480e-01
3.642127856905593153e-01,5.098972083824004908e-01,5.724927680831262133e-01,4.451013559878038706e-01,8.954955489740910046e-01,4.002380350851628132e-01
9.215154234941830280e-01,3.014286541988482893e-01,3.691553079792356251e-01,3.517815951228725480e-01,4.002380350851628132e-01,4.129023951241250767e-01
