1.444970484551044709e-02,4.186439909188996999e-01,2.356082383904410382e-01,5.459080244516559821e-01,3.066948552941667350e-01,4.256187611176471264e-01
4.186439909188996999e-01,1.219119129274499613e-01,6.994691402740564889e-01,9.168938677565415807e-01,4.233930443241147867e-01,2.267168244471080008e-01
2.356082383904410382e-01,6.994691402740564889e-01,2.500838205771716005e-02,2.301316398249722006e-01,1.431387217800382805e-01,3.227505753905069996e-01
5.459080244516559821e-01,9.168938677565415807e-01,2.301316398249722006e-01,4.268878009733120260e-01,6.126431533360366943e-01,6.885344955557685109e-01
3.066948552941667350e-01,4.233930443241147867e-01,1.431387217800382805e-01,6.126431533360366943e-01,1.014386165894907155e-01,3.944841571247917345e-01
4.256187611176471264e-01,2.267168244471080008e-01,3.227505753905069996e-01,6.885344955557685109e-01,3.944841571247917345e-01,4.565646336919561010e-01
