1.012395686839129283e-01,6.864388920240864778e-01,6.181107415987727727e-01,8.015628017727045584e-01,5.656151697297715497e-01,6.140823644507777956e-01
6.864388920240864778e-01,1.996693765019107447e-01,1.815208319855310393e-01,4.100625087901179633e-01,2.566815941944624591e-01,6.323338739784997165e-01
6.181107415987727727e-01,1.815208319855310393e-01,3.151678500560279872e-01,3.316274066783309049e-01,3.678459292750859699e-01,5.232830624554065668e-01
8.015628017727045584e-01,4.100625087901179633e-01,3.316274066783309049e-01,9.225345925709871331e-02,6.702667741304906279e-01,1.660940406505292954e-01
5.656151697297715497e-01,2.566815941944624591e-01,3.678459292750859699e-01,6.702667741304906279e-01,4.511111236118215961e-01,7.821032401665681810e-01
6.140823644507777956e-01,6.323338739784997165e-01,5.232830624554065668e-01,1.660940406505292954e-01,7.821032401665681810e-01,8.318096611266082574e-01
