3.410361727267774423e-02,3.615286044887907058e-01,1.893090854544925428e-01,3.046447594432912798e-01,6.259365066681725764e-01,4.342878890489500487e-01,6.950119728252412976e-01
3.615286044887907058e-01,9.022115691316230368e-01,4.820746884750742867e-01,2.601665204221025873e-01,7.770925171967446587e-01,3.938199881473625208e-01,6.120631604684099170e-01
1.893090854544925428e-01,4.820746884750742867e-01,8.374296416053395031e-01,6.819780834538955450e-01,4.943887518406293036e-01,9.754863512448573859e-01,3.142902585857719755e-01
3.046447594432912798e-01,2.601665204221025873e-01,6.819780834538955450e-01,8.584909372653098947e-01,2.839374616473077650e-01,8.005522557195572375e-01,1.910872914329184158e-01
6.259365066681725764e-01,7.770925171967446587e-01,4.943887518406293036e-01,2.839374616473077650e-01,2.096586078294234712e-01,4.193897830837822749e-01,3.938718098880407692e-01
4.342878890489500487e-01,3.938199881473625208e-01,9.754863512448573859e-01,8.005522557195572375e-01,4.193897830837822749e-01,2.086037379789672519e-01,7.795591876244305496e-01
6.950119728252412976e-01,6.120631604684099170e-01,3.142902585857719755e-01,1.910872914329184158e-01,3.938718098880407692e-01,7.795591876244305496e-01,4.249071997670640366e-01
