2.885707618766852889e-02,2.212651339200055745e-01,4.546208080553049702e-01,1.897435745590240752e-01,2.063798708608953203e-01,5.195482826179770308e-01
2.212651339200055745e-01,7.815771376973816853e-01,2.122772400695375761e-01,6.961586736918299323e-01,7.206304840382020682e-01,5.458926340917343856e-01
4.546208080553049702e-01,2.122772400695375761e-01,7.791921406079183043e-02,7.285267643421239336e-01,5.440475211301992742e-01,1.753432930617269125e-01
1.897435745590240752e-01,6.961586736918299323e-01,7.285267643421239336e-01,5.395747649596911444e-01,5.206924940970093507e-01,7.658129176311053721e-01
2.063798708608953203e-01,7.206304840382020682e-01,5.440475211301992742e-01,5.206924940970093507e-01,9.441262566308324944e-01,2.910031152274619726e-01
5.195482826179770308e-01,5.458926340917343856e-01,1.753432930617269125e-01,7.658129176311053721e-01,2.910031152274619726e-01,7.460086625709083652e-01
