8.419113573442958964e-01,2.210411573594240342e-01,3.117838828771530846e-01,6.631295364078522159e-01,6.710450050579893633e-01,6.428361473999912867e-01
2.210411573594240342e-01,2.571723390583017244e-01,3.974585668723483178e-01,6.341025461739036029e-01,2.709345518707434453e-01,4.956922870961791294e-01
3.117838828771530846e-01,3.974585668723483178e-01,7.201428708615161822e-01,3.807652432614797022e-01,2.452528894354968902e-01,3.295770336857313243e-01
6.631295364078522159e-01,6.341025461739036029e-01,3.807652432614797022e-01,6.824988718825221179e-01,6.819509168215054373e-02,5.050769731793385287e-01
6.710450050579893633e-01,2.709345518707434453e-01,2.452528894354968902e-01,6.819509168215054373e-02,6.278879412417925909e-02,3.930795394706896317e-01
6.428361473999912867e-01,4.956922870961791294e-01,3.295770336857313243e-01,5.050769731793385287e-01,3.930795394706896317e-01,4.837743213157285060e-01
