6.253190411516483804e-01,3.644118514462819647e-01,6.354129165416687597e-01,2.103832467633432457e-01,1.025827325083898400e-01,6.515740481564811226e-01,2.664474148241521290e-01
3.644118514462819647e-01,7.669685692673557931e-01,5.643828955375019829e-01,2.211762052465744421e-01,4.310236866455752769e-01,6.581478866348857704e-01,7.272500082119792708e-02
6.354129165416687597e-01,5.643828955375019829e-01,9.415661794149178254e-01,7.204664055960193769e-01,6.052396330254599111e-01,4.664745442364811034e-01,9.427687041525616429e-01
2.103832467633432457e-01,2.211762052465744421e-01,7.204664055960193769e-01,1.130004289174034726e-01,2.196324492853792831e-01,2.414589979328957692e-01,5.001352689796410012e-01
1.025827325083898400e-01,4.310236866455752769e-01,6.052396330254599111e-01,2.196324492853792831e-01,9.594723013588490890e-01,9.269177120336536957e-01,4.832926177986119898e-01
6.515740481564811226e-01,6.581478866348857704e-01,4.664745442364811034e-01,2.414589979328957692e-01,9.269177120336536957e-01,7.607072242315021660e-01,5.568456125480948371e-01
2.664474148241521290e-01,7.272500082119792708e-02,9.427687041525616429e-01,5.001352689796410012e-01,4.832926177986119898e-01,5.568456125480948371e-01,6.881812342682862571e-01
