5.964940771680173892e-01,9.303250631376256408e-01,4.219802318816946451e-01,4.634725178857068140e-01,7.085306205511523459e-01,1.922035130923996915e-01
9.303250631376256408e-01,5.956477379492153279e-02,2.710730281635455041e-01,5.074787652077987765e-01,6.607371079706800820e-01,6.373075079717327451e-01
4.219802318816946451e-01,2.710730281635455041e-01,1.011380391087540742e-01,7.229813560280422546e-01,6.845584861127362863e-01,1.737495634251185472e-01
4.634725178857068140e-01,5.074787652077987765e-01,7.229813560280422546e-01,2.050355890595230157e-01,4.913754157686993085e-01,4.057934068381758852e-01
7.085306205511523459e-01,6.607371079706800820e-01,6.845584861127362863e-01,4.913754157686993085e-01,9.276371591107371861e-01,8.240900283538297177e-01
1.922035130923996915e-01,6.373075079717327451e-01,1.737495634251185472e-01,4.057934068381758852e-01,8.240900283538297177e-01,6.097005275796670842e-01
