4.696548644622263735e-01,7.096002501163760634e-01,7.542933228649147948e-01,6.248274921114009839e-01,3.745472257957928042e-01,9.537497241213730437e-01,3.024089076996094305e-01
7.096002501163760634e-01,5.035818572547934302e-01,7.290081330747076871e-01,1.232254825708636314e-01,7.416333377721627818e-01,5.586230035888418710e-01,7.755357998696641442e-01
7.542933228649147948e-01,7.290081330747076871e-01,9.044757365034050700e-02,4.463579506132823171e-01,3.507782007263056112e-01,7.457036008042661202e-01,4.068417699710626945e-01
6.248274921114009839e-01,1.232254825708636314e-01,4.463579506132823171e-01,6.012948981067889331e-02,1.666168760462787279e-01,2.887711682706105010e-01,8.297012549476525667e-01
3.745472257957928042e-01,7.416333377721627818e-01,3.507782007263056112e-01,1.666168760462787279e-01,9.930749347711287367e-01,3.752919145083127850e-01,6.865248674067538914e-01
9.537497241213730437e-01,5.586230035888418710e-01,7.457036008042661202e-01,2.887711682706105010e-01,3.752919145083127850e-01,7.157485080922401099e-01,8.689120982680216265e-01
3.024089076996094305e-01,7.755357998696641442e-01,4.068417699710626945e-01,8.297012549476525667e-01,6.865248674067538914e-01,8.689120982680216265e-01,2.806657467805452333e-01
