4.475289428793347568e-01,4.389133980450050099e-01,9.227600788906155094e-01,4.989618295680107729e-01,3.072366037151333940e-01,7.399687527587472946e-01
4.389133980450050099e-01,9.702525650384903333e-01,6.674372818742669855e-01,4.619011232433901659e-01,5.490710960197994206e-01,4.794579800658759217e-01
9.227600788906155094e-01,6.674372818742669855e-01,4.459353248324904317e-01,2.157697153880828167e-01,3.326058363000073403e-01,3.338945926522647323e-01
4.989618295680107729e-01,4.619011232433901659e-01,2.157697153880828167e-01,8.604048788326883468e-01,5.744708760164202177e-01,1.566188576077011119e-01
3.072366037151333940e-01,5.490710960197994206e-01,3.326058363000073403e-01,5.744708760164202177e-01,5.212745967562032456e-01,5.875354511116215317e-01
7.399687527587472946e-01,4.794579800658759217e-01,3.338945926522647323e-01,1.566188576077011119e-01,5.875354511116215317e-01,6.327734204661654704e-01
