8.564074223144830800e-01,8.077497301331351132e-01,5.425049669879262737e-01,9.854303449384034241e-01,5.774995485105531845e-01,6.006849831882898894e-01
8.077497301331351132e-01,4.022059299936548982e-01,4.848493589862899467e-01,6.190415366620383164e-01,2.846533309841730031e-01,6.571484725814691341e-01
5.425049669879262737e-01,4.848493589862899467e-01,9.963209468912453959e-01,8.609609466358381091e-01,5.657531036619682929e-01,1.421250278033455161e-01
9.854303449384034241e-01,6.190415366620383164e-01,8.609609466358381091e-01,5.446032567119781787e-01,5.649493555638056552e-01,6.932380776302158321e-01
5.774995485105531845e-01,2.846533309841730031e-01,5.657531036619682929e-01,5.649493555638056552e-01,1.316504768562170025e-01,4.555085960643454057e-01
6.006849831882898894e-01,6.571484725814691341e-01,1.421250278033455161e-01,6.932380776302158321e-01,4.555085960643454057e-01,6.132902431896977147e-01
