1.627750332587492021e-01,6.315392963753738709e-01,1.783480289949187503e-01,2.330118105160798314e-01,2.872718531507831297e-01,4.335625727345112090e-01
6.315392963753738709e-01,2.043802639050636971e-01,7.269946513273801703e-01,4.115934542598989054e-01,4.769766445164508872e-01,6.322816184934536565e-01
1.783480289949187503e-01,7.269946513273801703e-01,3.995987367557862768e-02,5.208037123707903726e-01,4.727559933964271544e-01,5.455226503211035860e-01
2.330118105160798314e-01,4.115934542598989054e-01,5.208037123707903726e-01,5.625280289639084108e-01,4.412528305785286542e-01,6.620094909531819560e-01
2.872718531507831297e-01,4.769766445164508872e-01,4.727559933964271544e-01,4.412528305785286542e-01,2.054129966317547185e-01,5.564124226626703251e-01
4.335625727345112090e-01,6.322816184934536565e-01,5.455226503211035860e-01,6.620094909531819560e-01,5.564124226626703251e-01,5.065632883675847964e-01
