8.500437281271104872e-01,4.451759761695903705e-01,1.926006742461645604e-01,2.800007635479205836e-01,4.566293532705459901e-01,4.958163534775635317e-01
4.451759761695903705e-01,6.970303344910564469e-01,5.712867335730785756e-01,4.892200652399897876e-01,7.939291730062807417e-01,6.213217047102803647e-01
1.926006742461645604e-01,5.712867335730785756e-01,3.388865920755728123e-01,4.655725554556767731e-01,2.914863111331078560e-01,5.581230475441074645e-01
2.800007635479205836e-01,4.892200652399897876e-01,4.655725554556767731e-01,6.100010130773853012e-01,3.902795890441468907e-01,3.048482662297522516e-01
4.566293532705459901e-01,7.939291730062807417e-01,2.914863111331078560e-01,3.902795890441468907e-01,8.329584488589190094e-01,2.507691278967934534e-01
4.958163534775635317e-01,6.213217047102803647e-01,5.581230475441074645e-01,3.048482662297522516e-01,2.507691278967934534e-01,2.758514530470046466e-02
