1.759754514086634414e-01,4.132159471928126271e-01,7.493087996895231306e-01,8.194111942917186031e-01,7.929116397365552071e-01,2.522930245477461586e-01
4.132159471928126271e-01,8.999618372961293300e-02,3.151321624026716117e-01,1.709078968283397337e-01,5.059584469128284301e-01,7.060971550295837007e-01
7.493087996895231306e-01,3.151321624026716117e-01,9.903003806592902691e-02,4.730194846396342800e-01,4.602165634296376817e-01,6.068104435322551060e-01
8.194111942917186031e-01,1.709078968283397337e-01,4.730194846396342800e-01,6.245487943730341218e-01,1.246075939594144533e-01,4.516913191541729877e-01
7.929116397365552071e-01,5.059584469128284301e-01,4.602165634296376817e-01,1.246075939594144533e-01,4.392830544261283610e-02,4.618386559495933907e-01
2.522930245477461586e-01,7.060971550295837007e-01,6.068104435322551060e-01,4.516913191541729877e-01,4.618386559495933907e-01,5.768114690218780760e-01
