4.961334640189772882e-01,1.406679040018600224e-01,3.508965872455321322e-01,7.437559857311488720e-01,9.388393918336425115e-01,7.284096371249473290e-01
1.406679040018600224e-01,9.503973893808556062e-01,6.509340531392722173e-01,5.671614678407108645e-01,4.716173567623201945e-01,3.705090585561409133e-01
3.508965872455321322e-01,6.509340531392722173e-01,7.179425013120873666e-01,3.013914285710285190e-01,2.055420749505280087e-01,1.076877024615281453e-01
7.437559857311488720e-01,5.671614678407108645e-01,3.013914285710285190e-01,7.079950223843923807e-01,3.837087326143255317e-01,4.025175590587064534e-01
9.388393918336425115e-01,4.716173567623201945e-01,2.055420749505280087e-01,3.837087326143255317e-01,6.144721017535966778e-01,3.726291309740832891e-01
7.284096371249473290e-01,3.705090585561409133e-01,1.076877024615281453e-01,4.025175590587064534e-01,3.726291309740832891e-01,2.086620105590406560e-01
