4.465343648540391897e-01,3.892698289699101366e-01,2.355206899862624659e-01,5.433793190006810381e-01,3.725303415314543676e-01,4.074279415677849459e-01
3.892698289699101366e-01,9.053501036317169737e-01,5.926987347496628367e-01,2.379266442154728267e-01,7.703752297561426987e-01,8.247527995084393826e-01
2.355206899862624659e-01,5.926987347496628367e-01,3.919864796609322521e-01,3.345993386213823029e-01,5.772342507285199709e-01,7.488138374473295444e-01
5.433793190006810381e-01,2.379266442154728267e-01,3.345993386213823029e-01,3.296295472780919056e-02,4.447906381072582738e-01,3.901763752607393387e-01
3.725303415314543676e-01,7.703752297561426987e-01,5.772342507285199709e-01,4.447906381072582738e-01,7.202341776898016912e-01,4.037259656329983959e-01
4.074279415677849459e-01,8.247527995084393826e-01,7.488138374473295444e-01,3.901763752607393387e-01,4.037259656329983959e-01,5.735093932363520830e-01
