7.572069246947050747e-01,6.309974848430228711e-01,6.657091765038632980e-01,6.543759269601385764e-01,6.096015460488901638e-01,5.413007448903150998e-01,5.342937770595834746e-01
6.309974848430228711e-01,3.520152880906519677e-01,4.471219661036033299e-01,6.689852828510152172e-01,4.770451957891787553e-01,2.620988057724876752e-01,6.328330697848063569e-01
6.657091765038632980e-01,4.471219661036033299e-01,2.123856740928269371e-01,7.388277534138363301e-01,2.770524362126283169e-01,6.446636789146427127e-01,6.084695981142690391e-01
6.543759269601385764e-01,6.689852828510152172e-01,7.388277534138363301e-01,3.778607640614877194e-01,4.465542786954285748e-01,6.679277103064896748e-01,7.706997503638661762e-01
6.096015460488901638e-01,4.770451957891787553e-01,2.770524362126283169e-01,4.465542786954285748e-01,4.192964336311209017e-01,3.835654921253214278e-01,3.406367338837126280e-01
5.413007448903150998e-01,2.620988057724876752e-01,6.446636789146427127e-01,6.679277103064896748e-01,3.835654921253214278e-01,1.514128982493528897e-01,6.277003334209392271e-01
5.342937770595834746e-01,6.328330697848063569e-01,6.084695981142690391e-01,7.706997503638661762e-01,3.406367338837126280e-01,6.277003334209392271e-01,9.413669046607534563e-01
