4.760141739530816540e-01,7.327323205780937876e-01,2.033715322563380834e-01,7.462892249772103970e-01,5.657127070478787934e-01,5.800488010635276304e-01
7.327323205780937876e-01,9.912429604311552289e-01,6.886214982336240631e-01,5.971030615951880005e-01,8.236897547418378096e-01,8.947457117953871997e-01
2.033715322563380834e-01,6.886214982336240631e-01,2.391191532004094400e-01,2.927184149634546872e-01,3.621101112688668300e-01,5.588485682982844427e-01
7.462892249772103970e-01,5.971030615951880005e-01,2.927184149634546872e-01,6.439315136606460488e-02,2.852137190414290036e-01,5.631252275826169607e-01
5.657127070478787934e-01,8.236897547418378096e-01,3.621101112688668300e-01,2.852137190414290036e-01,9.045401568551018068e-01,4.497655730812428199e-01
5.800488010635276304e-01,8.947457117953871997e-01,5.588485682982844427e-01,5.631252275826169607e-01,4.497655730812428199e-01,6.260345033070852105e-01
