1.150870372782432094e-01,3.691673860483864478e-01,1.495875597480084696e-01,4.348824150479931316e-01,4.192667647218905058e-01,5.044758483292441920e-01,4.040521576563143036e-01
3.691673860483864478e-01,9.449410424036249756e-01,6.530770731935893192e-01,7.420532080946579123e-01,3.953855763143362401e-01,1.809308623636692870e-01,3.431171097098388301e-01
1.495875597480084696e-01,6.530770731935893192e-01,3.578680517264098970e-02,8.689552519306875666e-01,3.191148513208791337e-01,4.632389177282529857e-01,4.261945725844299981e-01
4.348824150479931316e-01,7.420532080946579123e-01,8.689552519306875666e-01,5.333995112636534808e-01,7.046238728415461505e-01,3.452392964671252562e-01,3.170661525297684968e-01
4.192667647218905058e-01,3.953855763143362401e-01,3.191148513208791337e-01,7.046238728415461505e-01,2.948492047013498984e-01,5.748827186950190571e-01,5.551867318744571067e-01
5.044758483292441920e-01,1.809308623636692870e-01,4.632389177282529857e-01,3.452392964671252562e-01,5.748827186950190571e-01,4.905155597261402489e-01,5.712121491992758759e-01
4.040521576563143036e-01,3.431171097098388301e-01,4.261945725844299981e-01,3.170661525297684968e-01,5.551867318744571067e-01,5.712121491992758759e-01,5.636032239266163257e-01
