5.197916963755131459e-01,2.489448031163296049e-01,9.738260513137775298e-01,7.135461615404743441e-01,1.782441140162309146e-01,9.072089976894093244e-02
2.489448031163296049e-01,2.755588595622685544e-01,5.782297953654556011e-01,6.933814354734126884e-01,4.725453700286570413e-01,4.069569325090824363e-01
9.738260513137775298e-01,5.782297953654556011e-01,4.232204523281470898e-01,5.139475033340888954e-01,7.587336422781594258e-01,2.184820380948376273e-01
7.135461615404743441e-01,6.933814354734126884e-01,5.139475033340888954e-01,8.648225625056488175e-01,2.753988949018584820e-01,4.489019306282465149e-01
1.782441140162309146e-01,4.725453700286570413e-01,7.587336422781594258e-01,2.753988949018584820e-01,5.910753980930716356e-02,5.854439887205570292e-01
9.072089976894093244e-02,4.069569325090824363e-01,2.184820380948376273e-01,4.489019306282465149e-01,5.854439887205570292e-01,8.222448336618410902e-01
