7.035305127382684987e-02,3.778242215973280915e-01,6.031706181985776460e-01,6.735796484797091921e-01,4.360133086930788049e-01,2.536177708247649432e-01
3.778242215973280915e-01,1.330943993356374921e-01,5.914730911399150859e-01,5.195405760112407068e-01,5.172428635377106509e-01,5.112750804388612735e-01
6.031706181985776460e-01,5.914730911399150859e-01,7.202863992890882194e-01,4.858031557443360238e-01,6.343093019854766368e-01,1.037520442635058715e-01
6.735796484797091921e-01,5.195405760112407068e-01,4.858031557443360238e-01,6.614382925034316685e-01,3.517718639808092851e-02,9.129084717092488255e-01
4.360133086930788049e-01,5.172428635377106509e-01,6.343093019854766368e-01,3.517718639808092851e-02,5.407970309027519962e-01,6.752732443200175627e-01
2.536177708247649432e-01,5.112750804388612735e-01,1.037520442635058715e-01,9.129084717092488255e-01,6.752732443200175627e-01,9.681002342427172946e-01
