9.317868166380703920e-01,5.174075305058813967e-01,5.932378184562896450e-01,8.998050654805445081e-01,1.268333230604024586e-01,4.051638993452123527e-01
5.174075305058813967e-01,6.754137502829378192e-01,4.192586197055631070e-01,4.750396944104836594e-01,2.449831348817168575e-01,5.409241425966804240e-01
5.932378184562896450e-01,4.192586197055631070e-01,4.629689398603570316e-01,4.881648311774879900e-01,4.439094977538993181e-01,5.805714417641446579e-01
8.998050654805445081e-01,4.750396944104836594e-01,4.881648311774879900e-01,2.546317327694871402e-01,6.465837747625782228e-01,5.622687941663075950e-01
1.268333230604024586e-01,2.449831348817168575e-01,4.439094977538993181e-01,6.465837747625782228e-01,6.258774408363649844e-01,7.226465948907482284e-01
4.051638993452123527e-01,5.409241425966804240e-01,5.805714417641446579e-01,5.622687941663075950e-01,7.226465948907482284e-01,8.626761282046808699e-01
