2.810888806716084209e-01,7.695349011520535853e-01,1.146409832070127699e-01,1.141025953828096462e-01,7.443721549785597968e-01,3.581403262537157794e-01
7.695349011520535853e-01,8.516479965114989170e-01,7.164289656642937043e-01,8.049309762077110353e-01,5.998793536544508864e-01,7.442926555932769528e-01
1.146409832070127699e-01,7.164289656642937043e-01,4.146146939735522174e-01,9.220132793307134200e-01,6.582703715152847801e-01,6.622498128645051274e-01
1.141025953828096462e-01,8.049309762077110353e-01,9.220132793307134200e-01,8.970286423849879176e-01,5.428505036356110480e-01,2.914958618220082065e-01
7.443721549785597968e-01,5.998793536544508864e-01,6.582703715152847801e-01,5.428505036356110480e-01,8.393216138345024335e-01,5.620539113694498212e-01
3.581403262537157794e-01,7.442926555932769528e-01,6.622498128645051274e-01,2.914958618220082065e-01,5.620539113694498212e-01,7.676104169522159903e-01
