3.103047167287136254e-01,2.602331885381221066e-01,3.918304725129577171e-01,4.715818139301314327e-02,7.986308939886438418e-02,3.747406535676147121e-01
2.602331885381221066e-01,3.031733501556431731e-01,7.904634402390479098e-01,5.415646474251265552e-01,8.649390805909487057e-01,5.569871421147223334e-01
3.918304725129577171e-01,7.904634402390479098e-01,3.609973662839330855e-01,2.584874460322572620e-01,7.636448789212408883e-01,3.988694607295459327e-01
4.715818139301314327e-02,5.415646474251265552e-01,2.584874460322572620e-01,3.273799483425124945e-01,4.936146280223250860e-01,5.131223097591353088e-01
7.986308939886438418e-02,8.649390805909487057e-01,7.636448789212408883e-01,4.936146280223250860e-01,6.485177535552851813e-01,6.470913365829065178e-01
3.747406535676147121e-01,5.569871421147223334e-01,3.988694607295459327e-01,5.131223097591353088e-01,6.470913365829065178e-01,9.603958700596094689e-01
