1.431936003433514903e-01,3.467358089737498372e-01,9.399020605074381862e-02,5.042822876635805196e-01,7.158125588706993891e-01,7.451132244975140484e-01
3.467358089737498372e-01,8.023723062583094645e-01,4.714884770711100792e-01,2.953604677292486769e-01,3.632874665468305841e-01,5.260832039452241204e-01
9.399020605074381862e-02,4.714884770711100792e-01,1.526196608997669735e-01,4.674846300459433723e-01,9.117965827989531480e-01,5.076743314246461303e-01
5.042822876635805196e-01,2.953604677292486769e-01,4.674846300459433723e-01,2.886029959597328221e-01,2.422393122081222816e-01,7.634819130068501991e-01
7.158125588706993891e-01,3.632874665468305841e-01,9.117965827989531480e-01,2.422393122081222816e-01,1.359158734499993360e-01,5.697142537267467777e-01
7.451132244975140484e-01,5.260832039452241204e-01,5.076743314246461303e-01,7.634819130068501991e-01,5.697142537267467777e-01,2.156698369262629589e-01
