3.063387580778272890e-01,7.623833744730109663e-01,8.401040601079898806e-01,5.272002451568290615e-01,1.816131595683294075e-01,2.353660529848107252e-01
7.623833744730109663e-01,1.184974592856767872e-01,7.267524648699936751e-01,5.258604946640943467e-01,8.976082199294566077e-01,7.752520456080170819e-01
8.401040601079898806e-01,7.267524648699936751e-01,6.984968704695582176e-01,4.652997561955752870e-01,3.803258538503440089e-01,5.526261568403318947e-01
5.272002451568290615e-01,5.258604946640943467e-01,4.652997561955752870e-01,2.303890321482060521e-01,3.264711106667523843e-01,3.387002580977714339e-01
1.816131595683294075e-01,8.976082199294566077e-01,3.803258538503440089e-01,3.264711106667523843e-01,8.374083697931370418e-01,4.285484740001485604e-01
2.353660529848107252e-01,7.752520456080170819e-01,5.526261568403318947e-01,3.387002580977714339e-01,4.285484740001485604e-01,7.803657597069395546e-01
