6.884905086415007425e-01,3.437850345619000714e-01,2.508089112111686059e-01,6.544700356152310938e-02,2.312640845223733477e-01,2.427489590516118678e-01,2.732617681744538007e-01
3.437850345619000714e-01,4.330273663555833652e-01,5.625359976302570786e-01,2.591869157536433321e-01,8.861418019626481346e-01,1.175057803139398227e-01,2.063765583549928562e-01
2.508089112111686059e-01,5.625359976302570786e-01,4.030281288569292908e-01,8.473683965232472470e-01,3.118210956981554149e-01,4.260474150712835750e-01,6.687409164177265941e-01
6.544700356152310938e-02,2.591869157536433321e-01,8.473683965232472470e-01,1.850104802939707138e-01,6.253295186467878741e-01,4.575200038457214458e-01,2.644612133427463041e-01
2.312640845223733477e-01,8.861418019626481346e-01,3.118210956981554149e-01,6.253295186467878741e-01,6.492819636067400646e-01,1.295314406260333340e-01,6.514720913308661432e-01
2.427489590516118678e-01,1.175057803139398227e-01,4.260474150712835750e-01,4.575200038457214458e-01,1.295314406260333340e-01,6.518844530340706100e-01,6.026932887044995635e-01
2.732617681744538007e-01,2.063765583549928562e-01,6.687409164177265941e-01,2.644612133427463041e-01,6.514720913308661432e-01,6.026932887044995635e-01,6.326927441102992988e-01
