2.943330677784129490e-01,1.869169737013827159e-01,6.221565233653781890e-01,4.398698931290863090e-01,3.580908329820322589e-01,3.692521901726798506e-01
1.869169737013827159e-01,4.007689775721476888e-01,4.913336861055623284e-01,6.089990077918170375e-01,5.492727880987251510e-01,4.385180294371480159e-01
6.221565233653781890e-01,4.913336861055623284e-01,5.887839143463370339e-01,4.352874541997292512e-01,6.359370659638776679e-01,6.260757229426067161e-01
4.398698931290863090e-01,6.089990077918170375e-01,4.352874541997292512e-01,9.948154395516866089e-01,6.260814394416225337e-01,6.463435714985878988e-01
3.580908329820322589e-01,5.492727880987251510e-01,6.359370659638776679e-01,6.260814394416225337e-01,7.988454185880606850e-01,6.429459380398487856e-01
3.692521901726798506e-01,4.385180294371480159e-01,6.260757229426067161e-01,6.463435714985878988e-01,6.429459380398487856e-01,5.290717952481944764e-01
