6.423376515562208011e-01,4.091544050623348583e-01,5.297917744860594080e-01,2.269559125036549330e-01,6.398504509152078690e-01,3.584501424898113853e-01
4.091544050623348583e-01,6.569897135141893330e-01,2.738492711948915526e-01,4.280038688305159988e-01,8.933707538758628441e-02,4.223339830651023918e-01
5.297917744860594080e-01,2.738492711948915526e-01,8.720129287496809489e-01,1.294169210387421942e-01,5.961108356623329163e-01,5.269732754516303075e-01
2.269559125036549330e-01,4.280038688305159988e-01,1.294169210387421942e-01,1.410692681411714888e-01,5.142802017162900752e-01,4.623211547561980606e-01
6.398504509152078690e-01,8.933707538758628441e-02,5.961108356623329163e-01,5.142802017162900752e-01,1.009245015607256324e-01,4.295484409348171995e-01
3.584501424898113853e-01,4.223339830651023918e-01,5.269732754516303075e-01,4.623211547561980606e-01,4.295484409348171995e-01,4.833788328920750610e-01
