4.160286794283835077e-01,6.982143419198691969e-01,5.600575224343324887e-01,4.936123861218215114e-01,3.117145629872670742e-01,6.380130138323312217e-01
6.982143419198691969e-01,9.214229984818067543e-02,1.417021299835871107e-01,5.381575031252250341e-01,8.562573918622962132e-01,3.833098812821252865e-01
5.600575224343324887e-01,1.417021299835871107e-01,5.752589686117678403e-01,6.027438533571580770e-01,4.340904903061705289e-01,3.481195752641246810e-01
4.936123861218215114e-01,5.381575031252250341e-01,6.027438533571580770e-01,4.390809302263100067e-01,3.659799858313775300e-01,5.501043130490158584e-01
3.117145629872670742e-01,8.562573918622962132e-01,4.340904903061705289e-01,3.659799858313775300e-01,9.558392420645727139e-01,5.939724969736751570e-01
6.380130138323312217e-01,3.833098812821252865e-01,3.481195752641246810e-01,5.501043130490158584e-01,5.939724969736751570e-01,8.012075175862555243e-01
