6.312561744748858006e-01,9.305187941122281536e-01,5.968450969825073171e-01,4.743621827647284683e-01,8.526529398407891591e-01,7.087415652912874009e-01
9.305187941122281536e-01,9.600207818257117109e-01,1.930196001385047211e-01,1.655106020207073869e-01,3.622312009529584653e-01,6.122132684276624381e-01
5.968450969825073171e-01,1.930196001385047211e-01,7.038587472396842237e-01,7.674167072840547554e-01,4.101506497114363325e-01,9.756528822935623957e-01
4.743621827647284683e-01,1.655106020207073869e-01,7.674167072840547554e-01,3.894515575662487183e-01,7.138377660477969178e-01,3.779758978336434372e-01
8.526529398407891591e-01,3.622312009529584653e-01,4.101506497114363325e-01,7.138377660477969178e-01,8.419818852305457346e-01,6.009673049270837231e-01
7.087415652912874009e-01,6.122132684276624381e-01,9.756528822935623957e-01,3.779758978336434372e-01,6.009673049270837231e-01,2.167616949482322752e-01
