2.715315925307554279e-01,3.931202327911720862e-01,6.926284736252579233e-01,8.299813205905961500e-01,3.472846870994525936e-01,7.928434819717729010e-01
3.931202327911720862e-01,1.776502804603422581e-01,4.330353657823917679e-01,4.891883993326095470e-01,2.137925192447834299e-01,6.772815589924394697e-01
6.926284736252579233e-01,4.330353657823917679e-01,6.073740988956214393e-01,4.615582878469497996e-01,7.078824399155980718e-01,8.477133187701171302e-01
8.299813205905961500e-01,4.891883993326095470e-01,4.615582878469497996e-01,5.731073097958367946e-01,5.632282735201949997e-01,4.595988192555378604e-01
3.472846870994525936e-01,2.137925192447834299e-01,7.078824399155980718e-01,5.632282735201949997e-01,8.398240123832376725e-01,6.910454284613871678e-01
7.928434819717729010e-01,6.772815589924394697e-01,8.477133187701171302e-01,4.595988192555378604e-01,6.910454284613871678e-01,9.405750438251223589e-01
