1.124630044447216815e-02,5.098188144935962285e-01,4.887517248701042094e-01,9.115150422746354231e-01,3.268070176215384648e-01,5.350003905222170397e-01
5.098188144935962285e-01,5.979226546471372306e-02,5.875919578099456642e-01,5.574580357472644909e-01,1.756820344917171539e-01,3.724873436340095378e-01
4.887517248701042094e-01,5.875919578099456642e-01,9.215052267402167319e-01,4.437897545454623782e-01,2.656607927013791559e-01,8.772971429398823684e-01
9.115150422746354231e-01,5.574580357472644909e-01,4.437897545454623782e-01,6.991486951809766648e-02,3.910278885456139886e-01,6.645055780365453080e-01
3.268070176215384648e-01,1.756820344917171539e-01,2.656607927013791559e-01,3.910278885456139886e-01,4.354721271261299265e-01,5.260721943962405334e-01
5.350003905222170397e-01,3.724873436340095378e-01,8.772971429398823684e-01,6.645055780365453080e-01,5.260721943962405334e-01,9.717149498685013764e-01
