8.079870964793556265e-01,8.254012820894707225e-01,5.658862480063310274e-01,8.520392087863772890e-01,2.991395520177628220e-01,7.452495525011586519e-01
8.254012820894707225e-01,6.425311937782125504e-01,8.223514338450069738e-01,5.551017744259174602e-01,5.123931263698131566e-01,5.851600683063131747e-01
5.658862480063310274e-01,8.223514338450069738e-01,3.809630300882015375e-01,6.853748513415649501e-01,3.575980131490810177e-01,2.653538759266543812e-01
8.520392087863772890e-01,5.551017744259174602e-01,6.853748513415649501e-01,1.652997138896017404e-02,2.442247110923562170e-01,6.411135783611137118e-01
2.991395520177628220e-01,5.123931263698131566e-01,3.575980131490810177e-01,2.442247110923562170e-01,4.922778506667806475e-01,4.353092002576253727e-01
7.452495525011586519e-01,5.851600683063131747e-01,2.653538759266543812e-01,6.411135783611137118e-01,4.353092002576253727e-01,4.132538375451114687e-01
