6.780231140128575307e-01,7.290257863227591617e-01,3.873807527042298915e-01,7.446776690744670857e-01,6.180644999749658197e-01,8.943905246815616605e-01
7.290257863227591617e-01,8.847866577665884913e-01,4.657737109723390501e-01,2.970644564771310892e-01,5.415738282248292457e-01,4.328256926904388013e-01
3.873807527042298915e-01,4.657737109723390501e-01,6.972624973257249836e-01,4.193842921221985209e-01,6.510810448104570325e-02,4.360571075917632489e-01
7.446776690744670857e-01,2.970644564771310892e-01,4.193842921221985209e-01,8.092860509402785008e-01,3.058429558148773597e-01,7.270921850813962806e-01
6.180644999749658197e-01,5.415738282248292457e-01,6.510810448104570325e-02,3.058429558148773597e-01,6.923728253972180058e-01,4.229626749830323051e-01
8.943905246815616605e-01,4.328256926904388013e-01,4.360571075917632489e-01,7.270921850813962806e-01,4.229626749830323051e-01,1.501648468936653824e-01
