6.450573385529156933e-02,2.898360462426438633e-01,5.977240788420404849e-01,8.363274772287019321e-01,6.657096478033741604e-01,1.181559152134057933e-01
2.898360462426438633e-01,5.219518126662963109e-01,5.357960550298939140e-01,3.131123551371127745e-01,6.262894266501445317e-02,8.206631418001769651e-01
5.977240788420404849e-01,5.357960550298939140e-01,6.390852592550968492e-01,8.400763633054125767e-01,7.353059017734863145e-01,6.018337059462725014e-01
8.363274772287019321e-01,3.131123551371127745e-01,8.400763633054125767e-01,4.930815225733662377e-01,8.117799721625235110e-01,7.266428408880373224e-01
6.657096478033741604e-01,6.262894266501445317e-02,7.353059017734863145e-01,8.117799721625235110e-01,8.982634681193045756e-01,4.105848007170873615e-01
1.181559152134057933e-01,8.206631418001769651e-01,6.018337059462725014e-01,7.266428408880373224e-01,4.105848007170873615e-01,2.112311323764484161e-01
