5.455872417791941542e-01,2.345126427625032206e-01,5.207098492619882668e-01,2.206129654680309971e-01,6.473600687139079435e-01,5.437217210323892491e-01,4.493636367175344870e-01
2.345126427625032206e-01,9.215056823294662802e-01,4.215066076658485761e-01,6.583381884387995431e-01,9.728519537936979322e-01,2.391679524275893143e-01,1.986858516661014762e-01
5.207098492619882668e-01,4.215066076658485761e-01,4.535096675106067288e-01,3.835667326989428139e-01,8.313943165434634075e-01,3.136219676927031741e-01,4.656123465851200183e-01
2.206129654680309971e-01,6.583381884387995431e-01,3.835667326989428139e-01,6.112678943642755325e-01,3.073497041091867166e-01,6.953719714227821758e-01,9.010223399608208172e-01
6.473600687139079435e-01,9.728519537936979322e-01,8.313943165434634075e-01,3.073497041091867166e-01,4.139736401614761974e-01,5.147638586244069892e-01,3.042238220449986486e-01
5.437217210323892491e-01,2.391679524275893143e-01,3.136219676927031741e-01,6.953719714227821758e-01,5.147638586244069892e-01,4.214821381856351801e-01,3.967128306448535202e-01
4.493636367175344870e-01,1.986858516661014762e-01,4.656123465851200183e-01,9.010223399608208172e-01,3.042238220449986486e-01,3.967128306448535202e-01,3.151853481659334655e-01
