2.843611520809188331e-01,7.003401279653425071e-01,1.700722746540944685e-01,3.588851647540519663e-01,5.600726793974137863e-01,3.521774190575115981e-01,7.133716897342529117e-01
7.003401279653425071e-01,7.475578827208332333e-01,2.346724776769141263e-01,2.470539965868754906e-01,4.119337774877162017e-01,4.931740670955163663e-01,2.384261641044473357e-01
1.700722746540944685e-01,2.346724776769141263e-01,6.997576507366272125e-01,6.739782597795342944e-01,6.760860100572037013e-01,7.002671654846484017e-01,4.211978285933919985e-01
3.588851647540519663e-01,2.470539965868754906e-01,6.739782597795342944e-01,5.754753884748154968e-01,5.657645658477733486e-01,2.362923098145563450e-01,6.413923375652885728e-01
5.600726793974137863e-01,4.119337774877162017e-01,6.760860100572037013e-01,5.657645658477733486e-01,1.048348745614998689e-01,2.650801137774790872e-01,3.719253246393154355e-01
3.521774190575115981e-01,4.931740670955163663e-01,7.002671654846484017e-01,2.362923098145563450e-01,2.650801137774790872e-01,3.726456525366087513e-01,3.583783887406611912e-01
7.133716897342529117e-01,2.384261641044473357e-01,4.211978285933919985e-01,6.413923375652885728e-01,3.719253246393154355e-01,3.583783887406611912e-01,5.693567017671066210e-01
