8.163397789489652556e-01,8.998244663648989894e-01,2.407684938737509883e-01,1.586044674073512351e-01,3.038995521548116252e-01,1.437713850220841416e-01,1.850091577308271562e-01
8.998244663648989894e-01,5.416495653067527893e-01,2.996845003970451393e-01,5.833798885906400500e-01,5.001176564178571038e-01,4.667486608952176597e-01,2.800097842723179298e-01
2.407684938737509883e-01,2.996845003970451393e-01,9.475997482858097287e-01,5.507768499086048708e-01,6.447192770176626286e-01,3.905933397236454052e-01,4.260180013058619264e-01
1.586044674073512351e-01,5.833798885906400500e-01,5.507768499086048708e-01,3.294706676390907196e-01,3.593905617110993989e-01,3.337362599746691028e-01,9.049243188546483019e-01
3.038995521548116252e-01,5.001176564178571038e-01,6.447192770176626286e-01,3.593905617110993989e-01,3.800683868446744773e-01,3.765093879536254851e-01,3.977034978228692896e-01
1.437713850220841416e-01,4.667486608952176597e-01,3.905933397236454052e-01,3.337362599746691028e-01,3.765093879536254851e-01,5.501538871130421393e-01,4.338502848982308535e-01
1.850091577308271562e-01,2.800097842723179298e-01,4.260180013058619264e-01,9.049243188546483019e-01,3.977034978228692896e-01,4.338502848982308535e-01,8.966075651808202984e-01
