7.415230332237144895e-01,1.059825071954604847e-01,6.689989283732284964e-01,9.238902745058152899e-01,2.325001993774743481e-01,3.980602701275790523e-01
1.059825071954604847e-01,3.550850889510709374e-01,3.490117311949310075e-01,2.467730021837692411e-01,5.768133660545882169e-02,9.201593601632899189e-01
6.689989283732284964e-01,3.490117311949310075e-01,3.321120632401640682e-01,5.066210202018052167e-01,4.125299355591041661e-01,8.076271764557361177e-01
9.238902745058152899e-01,2.467730021837692411e-01,5.066210202018052167e-01,8.056332349029574624e-01,5.786261560467500509e-01,6.825399047327529445e-01
2.325001993774743481e-01,5.768133660545882169e-02,4.125299355591041661e-01,5.786261560467500509e-01,4.160721651030803159e-01,5.948263564079581123e-01
3.980602701275790523e-01,9.201593601632899189e-01,8.076271764557361177e-01,6.825399047327529445e-01,5.948263564079581123e-01,8.179631051388083218e-01
