8.581949266280665123e-01,2.599702184782863856e-01,6.729176029488753707e-01,2.747320579466866475e-01,5.357622698910038395e-01,6.659167391551112924e-01
2.599702184782863856e-01,7.292753719708584548e-01,6.635726920103389714e-01,5.100624883401063681e-01,4.601520851158368841e-01,2.308432487169057024e-01
6.729176029488753707e-01,6.635726920103389714e-01,6.496490779030472673e-01,6.704174341176607488e-01,5.069941440142889943e-01,4.008026503398919305e-01
2.747320579466866475e-01,5.100624883401063681e-01,6.704174341176607488e-01,3.589790873743931021e-01,5.376216656365657709e-01,7.440281800431154391e-01
5.357622698910038395e-01,4.601520851158368841e-01,5.069941440142889943e-01,5.376216656365657709e-01,3.579972800642347019e-01,4.976184235028697223e-01
6.659167391551112924e-01,2.308432487169057024e-01,4.008026503398919305e-01,7.440281800431154391e-01,4.976184235028697223e-01,6.261102698498915986e-01
