7.170341220167320007e-01,7.552446477922547530e-01,5.152420825350996214e-01,4.475471457045402390e-01,6.774187146327279585e-01,3.926509785934100272e-01,5.072261459131115480e-01
7.552446477922547530e-01,9.998424084063500805e-01,7.937321374345454039e-01,4.290009300017333382e-01,2.438802897740703357e-01,8.580668771339379219e-01,7.739104782131351890e-01
5.152420825350996214e-01,7.937321374345454039e-01,1.282381827513587869e-01,4.160769017721064333e-01,3.588503546542261002e-01,8.973165620998900804e-01,7.671220566142855635e-02
4.475471457045402390e-01,4.290009300017333382e-01,4.160769017721064333e-01,2.596026591791172899e-01,7.796894977812796057e-01,2.814382645516600445e-01,2.079192742012999640e-01
6.774187146327279585e-01,2.438802897740703357e-01,3.588503546542261002e-01,7.796894977812796057e-01,5.277072842681486131e-01,7.614032313494158988e-01,3.906193133332231393e-01
3.926509785934100272e-01,8.580668771339379219e-01,8.973165620998900804e-01,2.814382645516600445e-01,7.614032313494158988e-01,9.469598522997014767e-01,3.201976095225694263e-01
5.072261459131115480e-01,7.739104782131351890e-01,7.671220566142855635e-02,2.079192742012999640e-01,3.906193133332231393e-01,3.201976095225694263e-01,5.970424428739524725e-01
