5.268865835743781201e-01,5.549541780200728525e-01,4.765291647437662204e-01,4.937067692861195067e-01,6.058465849063016107e-01,7.000746078332300559e-01,2.581039604079017891e-01
5.549541780200728525e-01,5.141599951574191696e-01,6.335212312909207499e-01,7.850177614900372136e-01,3.825850555613021786e-01,8.312641083176677270e-01,7.188694891205704707e-01
4.765291647437662204e-01,6.335212312909207499e-01,1.559206197131297600e-01,5.786177695035231716e-01,5.477365461861017915e-01,8.525054575793399314e-01,3.867201006440815214e-01
4.937067692861195067e-01,7.850177614900372136e-01,5.786177695035231716e-01,3.881154122895718039e-01,4.862575816992294464e-01,2.398441861071040626e-01,3.089334991773682870e-01
6.058465849063016107e-01,3.825850555613021786e-01,5.477365461861017915e-01,4.862575816992294464e-01,7.286476865025344196e-01,1.917978728594523230e-01,4.436877068942468583e-01
7.000746078332300559e-01,8.312641083176677270e-01,8.525054575793399314e-01,2.398441861071040626e-01,1.917978728594523230e-01,8.987720194884862845e-01,7.126632323725492490e-01
2.581039604079017891e-01,7.188694891205704707e-01,3.867201006440815214e-01,3.089334991773682870e-01,4.436877068942468583e-01,7.126632323725492490e-01,7.848459900557439584e-01
