4.130716680219103099e-01,2.545969738606941313e-01,4.412481091360540009e-01,3.636264102113677121e-01,1.798423699813851973e-01,7.910212044367039841e-01
2.545969738606941313e-01,6.405018921650919017e-01,4.544464866132815750e-01,5.683767159724100182e-01,5.339854246247142111e-01,4.982603330863398794e-01
4.412481091360540009e-01,4.544464866132815750e-01,4.649300489326768648e-02,7.240675422458686672e-01,3.992770197196418569e-01,3.197806338521714253e-01
3.636264102113677121e-01,5.683767159724100182e-01,7.240675422458686672e-01,2.726075245872097152e-01,6.605535752136744154e-01,6.544000806606662390e-01
1.798423699813851973e-01,5.339854246247142111e-01,3.992770197196418569e-01,6.605535752136744154e-01,7.654353095024940545e-01,7.946138578197708968e-02
7.910212044367039841e-01,4.982603330863398794e-01,3.197806338521714253e-01,6.544000806606662390e-01,7.946138578197708968e-02,5.269785867508099964e-01
