7.436294046495345311e-01,2.827086090957297015e-01,4.249050719105828544e-01,3.240971158572888422e-01,6.249843444448428542e-01,3.290952403728794051e-01
2.827086090957297015e-01,6.440952776030948179e-01,3.046476498317817749e-01,4.141287390834818560e-01,2.375955188689216624e-01,6.419683376871485603e-01
4.249050719105828544e-01,3.046476498317817749e-01,2.864398759377555503e-01,6.155977912371891625e-01,5.401940753474481216e-01,6.018706135052476203e-01
3.240971158572888422e-01,4.141287390834818560e-01,6.155977912371891625e-01,2.288299492630518905e-02,4.043502342089461132e-01,6.921227705474877201e-01
6.249843444448428542e-01,2.375955188689216624e-01,5.401940753474481216e-01,4.043502342089461132e-01,8.651356299615534651e-01,6.423759189079223386e-01
3.290952403728794051e-01,6.419683376871485603e-01,6.018706135052476203e-01,6.921227705474877201e-01,6.423759189079223386e-01,7.681277726841836406e-01
