4.906026110096503023e-01,7.970001849435049968e-01,7.603863360911091718e-01,4.900986618232425762e-01,3.397272892712034920e-01,4.020198021383169507e-01
7.970001849435049968e-01,7.930133988076101259e-01,5.100056025265333748e-01,2.787069577345806515e-01,2.744537389780842829e-01,4.605490553873187176e-01
7.603863360911091718e-01,5.100056025265333748e-01,5.007831911880329390e-01,1.813929857305183746e-01,7.998619612623990571e-01,5.631301964210573274e-01
4.900986618232425762e-01,2.787069577345806515e-01,1.813929857305183746e-01,5.258016047599640697e-01,5.415551191981129442e-01,9.628782255679600999e-01
3.397272892712034920e-01,2.744537389780842829e-01,7.998619612623990571e-01,5.415551191981129442e-01,4.427303740742251081e-01,5.368966567585666816e-01
4.020198021383169507e-01,4.605490553873187176e-01,5.631301964210573274e-01,9.628782255679600999e-01,5.368966567585666816e-01,8.596503575971367050e-01
