7.175445633755073160e-01,4.823581168509340489e-01,3.323655327469388632e-01,7.488484530793181326e-01,3.912646133683658767e-01,6.654345105400458760e-01
4.823581168509340489e-01,3.457793677899296814e-01,5.259473645804630948e-01,2.157005316343812429e-01,7.571115884170982469e-01,6.432335684841845591e-01
3.323655327469388632e-01,5.259473645804630948e-01,4.472198438106409490e-01,7.086497028310170254e-01,4.771649716363163818e-01,2.161527097817472765e-01
7.488484530793181326e-01,2.157005316343812429e-01,7.086497028310170254e-01,1.879591475717454774e-01,4.601354836903696066e-01,6.937020077519695516e-01
3.912646133683658767e-01,7.571115884170982469e-01,4.771649716363163818e-01,4.601354836903696066e-01,9.590192572100632029e-01,1.294077963903748074e-01
6.654345105400458760e-01,6.432335684841845591e-01,2.161527097817472765e-01,6.937020077519695516e-01,1.294077963903748074e-01,2.294215190140578287e-01
