3.184190409626220797e-01,9.622502043858538467e-02,1.721376257940146481e-01,6.230691099097083185e-01,2.296057755754984386e-01,7.037187521058445583e-01,8.089464546865188233e-02
9.622502043858538467e-02,7.874794564670428709e-02,9.426540481144776162e-01,7.223768976972867462e-01,7.797003691615629339e-01,2.088795230802668046e-01,3.356010589022492829e-01
1.721376257940146481e-01,9.426540481144776162e-01,4.418160474605667964e-01,5.713102504167697493e-01,8.077442588746844843e-01,5.244126509784261536e-01,4.897654631365823685e-01
6.230691099097083185e-01,7.223768976972867462e-01,5.713102504167697493e-01,3.998150850719074390e-01,6.928692026765389533e-01,6.242603100599345423e-01,4.865560287579560605e-01
2.296057755754984386e-01,7.797003691615629339e-01,8.077442588746844843e-01,6.928692026765389533e-01,7.597761971997847308e-01,4.824480979287911198e-01,4.642270528232040894e-01
7.037187521058445583e-01,2.088795230802668046e-01,5.244126509784261536e-01,6.242603100599345423e-01,4.824480979287911198e-01,5.771875214246555696e-01,2.558737896805595158e-01
8.089464546865188233e-02,3.356010589022492829e-01,4.897654631365823685e-01,4.865560287579560605e-01,4.642270528232040894e-01,2.558737896805595158e-01,3.741124286941278632e-01
