5.100247442875893711e-02,4.266354051323605345e-01,8.251920151615697030e-01,9.089417507809263164e-01,7.150222859453694291e-01,4.240900883552709000e-01
4.266354051323605345e-01,4.481088146244706083e-01,5.384807746040007892e-01,4.799239418893883058e-01,6.649571138967886874e-01,6.317117863249617216e-01
8.251920151615697030e-01,5.384807746040007892e-01,2.627598632655081534e-02,4.224743208841676423e-01,3.751120016055763395e-01,5.143475334816622890e-01
9.089417507809263164e-01,4.799239418893883058e-01,4.224743208841676423e-01,9.722475882279602022e-02,1.124690744063190362e-01,4.495428146356104659e-01
7.150222859453694291e-01,6.649571138967886874e-01,3.751120016055763395e-01,1.124690744063190362e-01,1.982006034541103912e-01,4.827780102557741038e-01
4.240900883552709000e-01,6.317117863249617216e-01,5.143475334816622890e-01,4.495428146356104659e-01,4.827780102557741038e-01,3.670814954608571101e-01
