9.739633477890002888e-01,6.432551131483683626e-01,4.070400897397552509e-01,3.253580014198358961e-01,4.808369519875160258e-01,1.808311559272540170e-01
6.432551131483683626e-01,5.874845069586667190e-01,4.802976660226775385e-01,4.448796755140523862e-01,6.192245494593825450e-01,3.958015573508492091e-01
4.070400897397552509e-01,4.802976660226775385e-01,9.505327004660167889e-01,4.251698072417652852e-01,4.918788812059015081e-01,3.978675872174339267e-01
3.253580014198358961e-01,4.448796755140523862e-01,4.251698072417652852e-01,3.202847206951848769e-01,3.883985740946825360e-01,1.820434075542639585e-01
4.808369519875160258e-01,6.192245494593825450e-01,4.918788812059015081e-01,3.883985740946825360e-01,5.422029612595981041e-01,5.838043238558061621e-01
1.808311559272540170e-01,3.958015573508492091e-01,3.978675872174339267e-01,1.820434075542639585e-01,5.838043238558061621e-01,8.007022199889591851e-01
