5.926990750636291772e-01,2.409420132458341968e-01,6.460287601760792420e-01,7.337936465362171479e-01,4.786395152758255445e-01,5.351420081964918252e-01,1.803137211513865523e-01
2.409420132458341968e-01,3.983941018899583852e-01,4.089371345087146614e-01,3.755645164212955689e-01,5.309913614847736607e-01,5.701569850577012932e-01,4.742422358090816470e-01
6.460287601760792420e-01,4.089371345087146614e-01,6.127110699094243662e-01,6.660935428161190996e-01,6.299824537924587631e-01,6.272744201712473489e-01,7.257759276839956808e-01
7.337936465362171479e-01,3.755645164212955689e-01,6.660935428161190996e-01,8.615395593008572384e-01,3.598628464041817021e-01,1.835765002458329964e-01,3.293050558932081318e-02
4.786395152758255445e-01,5.309913614847736607e-01,6.299824537924587631e-01,3.598628464041817021e-01,5.000899088736211473e-01,7.722757745202792901e-01,2.667900243751331057e-01
5.351420081964918252e-01,5.701569850577012932e-01,6.272744201712473489e-01,1.835765002458329964e-01,7.722757745202792901e-01,4.680018368546314811e-01,3.790389032310045314e-01
1.803137211513865523e-01,4.742422358090816470e-01,7.257759276839956808e-01,3.293050558932081318e-02,2.667900243751331057e-01,3.790389032310045314e-01,7.738791782842446842e-02
