5.819815336088549618e-01,6.326006037147993144e-01,3.037968604834375697e-01,1.422516212621542930e-01,6.723746232624261410e-01,7.344729304405468451e-01
6.326006037147993144e-01,6.783472512715164049e-01,4.803888076186396683e-01,5.921304570639589482e-01,7.808978169712124107e-01,2.831392924069081052e-01
3.037968604834375697e-01,4.803888076186396683e-01,8.389468669314844584e-01,4.391819576892470045e-01,5.047760889200971768e-01,4.627523102198705107e-01
1.422516212621542930e-01,5.921304570639589482e-01,4.391819576892470045e-01,7.748171696734048597e-01,7.266457678240332285e-01,8.947372273748266380e-01
6.723746232624261410e-01,7.808978169712124107e-01,5.047760889200971768e-01,7.266457678240332285e-01,6.220327708716458792e-01,2.231570078040793215e-01
7.344729304405468451e-01,2.831392924069081052e-01,4.627523102198705107e-01,8.947372273748266380e-01,2.231570078040793215e-01,6.881093751883938792e-01
