7.648636558119660256e-01,4.688762700875619971e-01,5.335873312488412790e-01,5.691604114796051661e-01,2.594683325206209035e-01,6.623219644503837156e-01
4.688762700875619971e-01,7.598953921010088708e-01,4.015434808635149899e-01,8.223152873560393150e-01,3.403461442403458159e-01,4.893514727932111730e-01
5.335873312488412790e-01,4.015434808635149899e-01,5.976726756309010957e-01,6.019369680711141868e-01,6.843411971504784752e-01,1.598325051245868544e-01
5.691604114796051661e-01,8.223152873560393150e-01,6.019369680711141868e-01,2.438745828605060062e-02,5.758785439524937155e-01,6.749966201771196994e-01
2.594683325206209035e-01,3.403461442403458159e-01,6.843411971504784752e-01,5.758785439524937155e-01,3.053513171175161744e-01,8.098907348762403036e-01
6.623219644503837156e-01,4.893514727932111730e-01,1.598325051245868544e-01,6.749966201771196994e-01,8.098907348762403036e-01,9.268545974300711476e-01
