9.366320885125298812e-01,4.384380648594777830e-01,8.321449626673342870e-01,4.493958483138796867e-01,6.898188385205248352e-01,3.036655040586397347e-01
4.384380648594777830e-01,6.864385912180610561e-01,4.599360992165485440e-01,4.325181188442672742e-01,6.391070550998588784e-01,5.101423739476668162e-01
8.321449626673342870e-01,4.599360992165485440e-01,1.517463048662374137e-01,6.101588902850119123e-02,2.263103699618172482e-01,5.687095031199584927e-01
4.493958483138796867e-01,4.325181188442672742e-01,6.101588902850119123e-02,8.694804357419336771e-01,7.604544282490552920e-01,5.423096771638538094e-01
6.898188385205248352e-01,6.391070550998588784e-01,2.263103699618172482e-01,7.604544282490552920e-01,4.542794818412871916e-01,6.708314710093947753e-01
3.036655040586397347e-01,5.101423739476668162e-01,5.687095031199584927e-01,5.423096771638538094e-01,6.708314710093947753e-01,9.915192426818418836e-01
