9.392270091506872420e-01,5.372907814559667594e-01,4.852840911708486971e-01,5.901817392163803966e-01,5.486727384375720273e-01,4.430261892679896452e-01
5.372907814559667594e-01,5.681085721229484076e-02,2.831829738017747067e-01,6.250118574807730365e-01,4.437515482906361219e-01,4.637269973934023959e-01
4.852840911708486971e-01,2.831829738017747067e-01,9.756438306342702926e-01,5.944624372901946563e-02,5.717641366126697822e-01,6.993723033688213908e-01
5.901817392163803966e-01,6.250118574807730365e-01,5.944624372901946563e-02,9.126138458584774904e-01,3.516988982071136971e-01,4.571713022028190410e-01
5.486727384375720273e-01,4.437515482906361219e-01,5.717641366126697822e-01,3.516988982071136971e-01,8.731384647157631740e-01,7.839105467007253525e-01
4.430261892679896452e-01,4.637269973934023959e-01,6.993723033688213908e-01,4.571713022028190410e-01,7.839105467007253525e-01,2.525557971413101566e-01
