4.814412988714851238e-01,4.982443200374908621e-01,4.096613865794447307e-01,8.127593735199984959e-01,7.638088167911785131e-01,3.049061174067999591e-01
4.982443200374908621e-01,8.932862654462440100e-01,4.520777727740734053e-01,6.203470375351987087e-01,5.433133351925159005e-01,5.759934667004646958e-01
4.096613865794447307e-01,4.520777727740734053e-01,3.374623636640785573e-01,4.775720502964249103e-01,4.855597903387420256e-01,8.442599068892246983e-01
8.127593735199984959e-01,6.203470375351987087e-01,4.775720502964249103e-01,3.705029558917997123e-01,5.610319561707153291e-01,8.462687198712928183e-01
7.638088167911785131e-01,5.433133351925159005e-01,4.855597903387420256e-01,5.610319561707153291e-01,8.452393532616498950e-01,5.461943979783591141e-01
3.049061174067999591e-01,5.759934667004646958e-01,8.442599068892246983e-01,8.462687198712928183e-01,5.461943979783591141e-01,8.627822544074873479e-01
