1.648544878529824009e-01,3.452178814961116560e-01,5.890371245677673562e-01,5.374975037965132874e-01,3.963462454797334611e-01,5.351304721182603696e-01
3.452178814961116560e-01,3.523134015847518841e-01,6.989015136102392223e-01,3.325307292221716393e-01,4.607791333720499538e-01,1.645240927684731291e-01
5.890371245677673562e-01,6.989015136102392223e-01,3.187766035799788344e-02,2.395455017546689325e-01,9.203519685242860238e-01,3.495001847239453396e-01
5.374975037965132874e-01,3.325307292221716393e-01,2.395455017546689325e-01,4.369257279148125450e-01,7.517271599952097816e-01,6.161008526045428368e-01
3.963462454797334611e-01,4.607791333720499538e-01,9.203519685242860238e-01,7.517271599952097816e-01,6.124481026412766926e-01,5.121202063728278464e-01
5.351304721182603696e-01,1.645240927684731291e-01,3.495001847239453396e-01,6.161008526045428368e-01,5.121202063728278464e-01,3.239610473669385371e-01
