8.359716694015133509e-01,6.054709060243388397e-01,7.522533257363257508e-01,6.830991529085201908e-01,3.905553365264669563e-01,2.307978643172436950e-01,2.590198442467199214e-01
6.054709060243388397e-01,5.056106425726947240e-02,3.036226853934034797e-01,5.626757039715472031e-01,8.196184179078476184e-01,4.816085012912166841e-01,7.138318598160864337e-01
7.522533257363257508e-01,3.036226853934034797e-01,6.311773883268861907e-01,3.045474316372779322e-01,1.843138323627738773e-01,5.302897438862557156e-01,2.765787833388891892e-01
6.830991529085201908e-01,5.626757039715472031e-01,3.045474316372779322e-01,6.956261526511342552e-02,5.292808549419951714e-01,6.569486261065671240e-01,8.651180323597462696e-02
3.905553365264669563e-01,8.196184179078476184e-01,1.843138323627738773e-01,5.292808549419951714e-01,4.119015544521691385e-01,2.633578066596679590e-01,3.574548268401070428e-01
2.307978643172436950e-01,4.816085012912166841e-01,5.302897438862557156e-01,6.569486261065671240e-01,2.633578066596679590e-01,6.811905557448790782e-01,3.513028365671362341e-01
2.590198442467199214e-01,7.138318598160864337e-01,2.765787833388891892e-01,8.651180323597462696e-02,3.574548268401070428e-01,3.513028365671362341e-01,9.840785093352085733e-01
