3.560494044668831570e-01,7.224697008909992668e-01,7.559355297138836693e-01,5.402275565368694910e-01,4.727130087929469759e-01,6.364701642435672824e-01
7.224697008909992668e-01,5.778835169420528661e-01,6.646497301974196859e-02,7.331296477125238686e-01,7.225624590793080504e-01,2.788981847921876422e-01
7.559355297138836693e-01,6.646497301974196859e-02,5.725434118626608893e-01,4.678607294550313211e-01,7.117986979713004647e-01,5.088186987394351934e-01
5.402275565368694910e-01,7.331296477125238686e-01,4.678607294550313211e-01,8.268063643273477759e-01,6.463291130462160972e-01,5.482004470537080731e-01
4.727130087929469759e-01,7.225624590793080504e-01,7.117986979713004647e-01,6.463291130462160972e-01,2.485245015619197417e-02,4.134470551080405287e-01
6.364701642435672824e-01,2.788981847921876422e-01,5.088186987394351934e-01,5.482004470537080731e-01,4.134470551080405287e-01,4.790386702203242031e-01
