3.925660406910670419e-01,2.252308204001226555e-01,4.047655574453325467e-01,5.665623061666567040e-01,4.166839298455642382e-01,4.602422266442009469e-01
2.252308204001226555e-01,2.761162798060149415e-01,4.556512191824539371e-01,4.108309909909375612e-01,4.652711619879873473e-01,8.260526239591923225e-01
4.047655574453325467e-01,4.556512191824539371e-01,1.766374570855555604e-02,3.917290563380178003e-01,5.638571855063695404e-01,7.881350183243420737e-01
5.665623061666567040e-01,4.108309909909375612e-01,3.917290563380178003e-01,1.460102710598059073e-01,3.453512380258660919e-01,5.780468105451679328e-01
4.166839298455642382e-01,4.652711619879873473e-01,5.638571855063695404e-01,3.453512380258660919e-01,6.785799255519492368e-01,5.271630483013017843e-01
4.602422266442009469e-01,8.260526239591923225e-01,7.881350183243420737e-01,5.780468105451679328e-01,5.271630483013017843e-01,4.900624762128554801e-01
