4.825944186812380909e-02,5.860784577688268326e-01,6.884646215540393133e-01,4.816855148535001963e-01,4.360454644717080552e-01,6.883946897771261453e-01
5.860784577688268326e-01,5.748424206585649454e-01,6.668675740492077120e-01,6.268370864271555210e-01,6.972013200462685578e-01,5.772298728745485219e-01
6.884646215540393133e-01,6.668675740492077120e-01,8.453907522190224899e-01,4.983954544479717308e-01,6.382284460625065048e-01,6.298364320669824767e-01
4.816855148535001963e-01,6.268370864271555210e-01,4.983954544479717308e-01,2.815762012881253273e-01,4.245588549433407799e-01,3.596109307989127646e-01
4.360454644717080552e-01,6.972013200462685578e-01,6.382284460625065048e-01,4.245588549433407799e-01,9.385081590281524333e-01,3.120086740571712536e-01
6.883946897771261453e-01,5.772298728745485219e-01,6.298364320669824767e-01,3.596109307989127646e-01,3.120086740571712536e-01,1.909349672968662093e-01
