1.907049245169298857e-01,3.187513159955420727e-01,3.894504992828774492e-01,5.374178610999388317e-01,6.146590001745688703e-01,2.419173578195820129e-01
3.187513159955420727e-01,4.259085500954468140e-01,6.125037776824656666e-01,6.261406431767017056e-01,7.722804567310723733e-01,1.760845836250789498e-01
3.894504992828774492e-01,6.125037776824656666e-01,9.814733824208810020e-02,6.188177871506070904e-01,3.538915523480197223e-01,5.225993132157585874e-02
5.374178610999388317e-01,6.261406431767017056e-01,6.188177871506070904e-01,8.631423832599316448e-01,5.083431354646614775e-01,7.861187016578454756e-01
6.146590001745688703e-01,7.722804567310723733e-01,3.538915523480197223e-01,5.083431354646614775e-01,2.058560477732902516e-01,3.443960579253133591e-01
2.419173578195820129e-01,1.760845836250789498e-01,5.225993132157585874e-02,7.861187016578454756e-01,3.443960579253133591e-01,5.415335604765042499e-01
