2.326728445367707288e-01,4.826509595864003632e-01,7.077977754573776537e-01,2.130152072881946745e-01,3.582328335546959286e-01,7.112303705667997189e-01
4.826509595864003632e-01,3.135299246617661018e-01,7.857710048806452185e-01,4.043582314560082436e-01,5.071396472130120792e-01,8.086547527855655337e-01
7.077977754573776537e-01,7.857710048806452185e-01,6.926754254504788877e-01,4.987596659856387005e-01,7.335576385460083060e-01,4.852453348062620297e-01
2.130152072881946745e-01,4.043582314560082436e-01,4.987596659856387005e-01,9.298403684305207584e-01,5.663758281613782142e-01,3.154403254817358393e-01
3.582328335546959286e-01,5.071396472130120792e-01,7.335576385460083060e-01,5.663758281613782142e-01,2.259519728859119558e-01,5.211239290200870844e-01
7.112303705667997189e-01,8.086547527855655337e-01,4.852453348062620297e-01,3.154403254817358393e-01,5.211239290200870844e-01,6.415546013635247125e-01
