9.082693541527374625e-01,7.447919066290612511e-01,6.715647738045409376e-01,4.228811395389200367e-01,9.246682073638863297e-01,9.032000816418870315e-01
7.447919066290612511e-01,4.248987679215412427e-01,4.022541369472938388e-01,7.866220456542033501e-01,7.906704255959886574e-01,7.274500513639960975e-01
6.715647738045409376e-01,4.022541369472938388e-01,1.468122149739441440e-01,7.801539476178265264e-01,6.989169930287399968e-01,6.023910241700923818e-01
4.228811395389200367e-01,7.866220456542033501e-01,7.801539476178265264e-01,1.651320887936563730e-01,6.220867598121542219e-01,5.775500722643565066e-01
9.246682073638863297e-01,7.906704255959886574e-01,6.989169930287399968e-01,6.220867598121542219e-01,9.663556091752976140e-01,5.190430725394470368e-01
9.032000816418870315e-01,7.274500513639960975e-01,6.023910241700923818e-01,5.775500722643565066e-01,5.190430725394470368e-01,5.055923274966150904e-01
