5.020482325531036016e-01,4.486102263626809417e-01,4.265450552449844834e-01,6.790619413360177159e-01,5.356504229150440555e-01,6.044094388670750995e-01
4.486102263626809417e-01,3.634678978449803477e-01,5.312419828007051148e-01,7.094388731712701901e-01,4.764460614822655371e-01,2.486373934387671181e-01
4.265450552449844834e-01,5.312419828007051148e-01,1.344486140923923934e-01,3.738335928351878557e-01,5.479750611923575043e-01,3.372859052869048857e-01
6.790619413360177159e-01,7.094388731712701901e-01,3.738335928351878557e-01,7.686792705755152166e-01,4.127862259665798228e-01,5.740553553262059960e-01
5.356504229150440555e-01,4.764460614822655371e-01,5.479750611923575043e-01,4.127862259665798228e-01,5.307687266427167927e-01,1.675770152410482328e-01
6.044094388670750995e-01,2.486373934387671181e-01,3.372859052869048857e-01,5.740553553262059960e-01,1.675770152410482328e-01,4.800992556787178067e-01
