9.606811676884412510e-01,2.364042047772870747e-01,7.322030124811069740e-01,2.430829891877872018e-01,5.702466546518710766e-01,8.076883199942916924e-01
2.364042047772870747e-01,7.456622427585533064e-01,1.756553481550863216e-01,6.706209161241551975e-01,7.177297182812198972e-01,2.020847253683573097e-01
7.322030124811069740e-01,1.756553481550863216e-01,8.345376790960739033e-01,2.528910190475409103e-01,5.853338670319568893e-01,5.973397604841940156e-01
2.430829891877872018e-01,6.706209161241551975e-01,2.528910190475409103e-01,7.739421868810029137e-01,5.561800491325152862e-01,3.027429453681391713e-01
5.702466546518710766e-01,7.177297182812198972e-01,5.853338670319568893e-01,5.561800491325152862e-01,7.894158351284930042e-03,2.143279312417396554e-01
8.076883199942916924e-01,2.020847253683573097e-01,5.973397604841940156e-01,3.027429453681391713e-01,2.143279312417396554e-01,8.338308110806270657e-01
