1.839665503567033955e-02,3.285046257403964609e-01,3.295037332956315401e-01,2.723638798339680922e-01,5.648616012022118493e-01,5.403220672250413914e-01,6.291892397072731402e-01
3.285046257403964609e-01,1.664273417059786153e-01,6.150328087142165057e-01,3.239269417813141483e-01,5.761932551612491960e-01,4.727659273111343707e-01,6.266133496376897760e-01
3.295037332956315401e-01,6.150328087142165057e-01,1.763810415659297082e-01,4.434770272534858671e-01,6.082759001750566163e-01,3.251608599538631794e-01,7.461151358422390967e-01
2.723638798339680922e-01,3.239269417813141483e-01,4.434770272534858671e-01,5.976070610449998322e-01,6.990285820359161129e-01,2.617945469563393024e-02,6.128583383754659941e-01
5.648616012022118493e-01,5.761932551612491960e-01,6.082759001750566163e-01,6.990285820359161129e-01,9.233555790477709913e-01,2.600966669614447890e-01,5.304376246360806846e-01
5.403220672250413914e-01,4.727659273111343707e-01,3.251608599538631794e-01,2.617945469563393024e-02,2.600966669614447890e-01,1.576672314784507423e-01,7.328243682674095982e-01
6.291892397072731402e-01,6.266133496376897760e-01,7.461151358422390967e-01,6.128583383754659941e-01,5.304376246360806846e-01,7.328243682674095982e-01,6.332496869833760256e-01
