6.148267382121641589e-02,6.456919968194796411e-01,7.685711210231982449e-02,8.772456652565177038e-01,1.991450502869474004e-01,2.016743094284038640e-01
6.456919968194796411e-01,2.863830855489272187e-01,2.713469807402772438e-01,7.493948353235158066e-01,5.977262008847028518e-01,2.871363267107343020e-01
7.685711210231982449e-02,2.713469807402772438e-01,9.970146212730351953e-01,2.387132589461571919e-01,2.541471228806331251e-01,5.792068014510343144e-01
8.772456652565177038e-01,7.493948353235158066e-01,2.387132589461571919e-01,3.878010209071863779e-01,4.455950258782826467e-01,8.649006108959738093e-01
1.991450502869474004e-01,5.977262008847028518e-01,2.541471228806331251e-01,4.455950258782826467e-01,3.451992793559988115e-01,6.610801220266113720e-01
2.016743094284038640e-01,2.871363267107343020e-01,5.792068014510343144e-01,8.649006108959738093e-01,6.610801220266113720e-01,5.804231895106688466e-01
