5.628135274978104396e-01,2.074925960906927047e-01,6.687414818610404321e-01,2.767086531410268280e-01,2.734318298528617408e-01,5.853973447446614298e-01,1.198279568734008649e-01
2.074925960906927047e-01,8.300536285090311939e-01,3.914397955371934357e-01,7.293159868794008016e-01,3.024208727154150123e-01,4.812037545159492113e-01,6.454721268592576999e-01
6.687414818610404321e-01,3.914397955371934357e-01,1.089498441788829819e-01,1.105920148978939976e-01,3.182740499447641591e-01,3.062433439909729715e-01,6.183895300482913360e-01
2.767086531410268280e-01,7.293159868794008016e-01,1.105920148978939976e-01,5.573002037560436106e-01,5.555329620450062400e-01,8.107670428615164626e-01,4.267448597040240932e-01
2.734318298528617408e-01,3.024208727154150123e-01,3.182740499447641591e-01,5.555329620450062400e-01,9.665210345323022034e-01,4.504953846835072495e-01,3.716971223414436976e-01
5.853973447446614298e-01,4.812037545159492113e-01,3.062433439909729715e-01,8.107670428615164626e-01,4.504953846835072495e-01,4.709190365514670518e-02,5.265710117101203291e-01
1.198279568734008649e-01,6.454721268592576999e-01,6.183895300482913360e-01,4.267448597040240932e-01,3.716971223414436976e-01,5.265710117101203291e-01,7.592612625946193461e-02
