2.977423867923438827e-01,3.798638898422488919e-01,6.255450473886341456e-01,7.116533120356937081e-01,8.170601648805690953e-01,7.040772247028836972e-02
3.798638898422488919e-01,9.429276116471125846e-01,3.986612694935370294e-01,6.209647601810799333e-01,6.884597865956180174e-01,2.759638071921671765e-01
6.255450473886341456e-01,3.986612694935370294e-01,8.654858295832910109e-01,4.559335562616165793e-01,7.594380313678972261e-02,3.987385188921444001e-01
7.116533120356937081e-01,6.209647601810799333e-01,4.559335562616165793e-01,5.227808499676083187e-01,7.649088860842043758e-01,6.983492225528086239e-01
8.170601648805690953e-01,6.884597865956180174e-01,7.594380313678972261e-02,7.649088860842043758e-01,1.196871338494881476e-01,2.600366334038637928e-01
7.040772247028836972e-02,2.759638071921671765e-01,3.987385188921444001e-01,6.983492225528086239e-01,2.600366334038637928e-01,9.052393288618058032e-01
