4.448009300928822407e-01,4.800829011372251265e-01,5.039193326731895572e-01,7.356591238152738743e-01,4.113119524494748824e-01,7.199160407958534735e-01
4.800829011372251265e-01,6.273432355906871649e-01,6.493186640350205874e-01,5.062523342979888819e-01,7.468210171661205932e-01,4.002153844178333864e-01
5.039193326731895572e-01,6.493186640350205874e-01,4.539249009719819039e-01,5.779903581156100589e-01,6.788096792020613668e-01,5.295503329429100958e-01
7.356591238152738743e-01,5.062523342979888819e-01,5.779903581156100589e-01,8.377067053201084912e-01,2.145813623500819056e-01,6.508950228815688632e-01
4.113119524494748824e-01,7.468210171661205932e-01,6.788096792020613668e-01,2.145813623500819056e-01,9.235336335553395726e-01,2.204246847232693707e-02
7.199160407958534735e-01,4.002153844178333864e-01,5.295503329429100958e-01,6.508950228815688632e-01,2.204246847232693707e-02,7.103340787284129210e-02
