5.704526719109980215e-01,2.591818070126907236e-01,5.570607761132405633e-01,2.158395219608872373e-01,3.725501419126037717e-01,5.300275749080758381e-01
2.591818070126907236e-01,7.909878716932620124e-01,8.049343281568310804e-01,2.480786784508560716e-01,2.704617047176121059e-01,6.205137267269041912e-01
5.570607761132405633e-01,8.049343281568310804e-01,5.494299114096423686e-01,4.746084497433068483e-01,5.249725879129012451e-01,7.850911279494001693e-01
2.158395219608872373e-01,2.480786784508560716e-01,4.746084497433068483e-01,2.750133646909863616e-01,7.184874154269371704e-01,5.022481409029333488e-01
3.725501419126037717e-01,2.704617047176121059e-01,5.249725879129012451e-01,7.184874154269371704e-01,5.536252856303114367e-02,6.721476796651214558e-01
5.300275749080758381e-01,6.205137267269041912e-01,7.850911279494001693e-01,5.022481409029333488e-01,6.721476796651214558e-01,4.257231967500897385e-01
