1.625403857440554933e-02,3.667408364478549898e-01,6.678069183492325589e-01,5.620684340909720689e-01,7.405801634039133052e-01,7.762717292923020374e-01,3.661411475338599564e-01
3.667408364478549898e-01,6.323207561406404276e-01,6.468318090091148553e-01,2.802802899365514078e-01,5.429079110480511394e-01,2.608699379661723605e-01,8.334299617168048346e-01
6.678069183492325589e-01,6.468318090091148553e-01,6.625578364637774165e-01,2.289995912057530836e-01,7.239387973780769814e-02,6.918251896480553942e-01,5.151377947946123026e-02
5.620684340909720689e-01,2.802802899365514078e-01,2.289995912057530836e-01,8.085844515917459674e-01,3.803639453013923921e-01,2.854850398706549885e-01,9.035227585517395799e-01
7.405801634039133052e-01,5.429079110480511394e-01,7.239387973780769814e-02,3.803639453013923921e-01,5.476547048044875243e-01,2.952496861132086203e-01,3.457144040225682557e-01
7.762717292923020374e-01,2.608699379661723605e-01,6.918251896480553942e-01,2.854850398706549885e-01,2.952496861132086203e-01,4.563524340110920452e-01,4.358991035643269840e-01
3.661411475338599564e-01,8.334299617168048346e-01,5.151377947946123026e-02,9.035227585517395799e-01,3.457144040225682557e-01,4.358991035643269840e-01,5.649187615789251771e-01
