1.625514147100792783e-02,3.639741385530649298e-01,6.594346661749629357e-01,9.121772746106331375e-01,8.020751935742100880e-01,3.252210694278762637e-01
3.639741385530649298e-01,8.920780971323507558e-01,5.332052790521635277e-01,5.936985215753955991e-01,1.410129355180037569e-01,3.079194135600509252e-01
6.594346661749629357e-01,5.332052790521635277e-01,7.837745447621538020e-01,5.168300180471966376e-01,8.405571927167219126e-01,8.709812014119915347e-01
9.121772746106331375e-01,5.936985215753955991e-01,5.168300180471966376e-01,6.856838750452797226e-01,5.302463218758766139e-01,2.663099823096919949e-01
8.020751935742100880e-01,1.410129355180037569e-01,8.405571927167219126e-01,5.302463218758766139e-01,1.090305927690129462e-01,5.082723815619309971e-01
3.252210694278762637e-01,3.079194135600509252e-01,8.709812014119915347e-01,2.663099823096919949e-01,5.082723815619309971e-01,6.072537656809712248e-01
