6.126234565861516934e-01,6.304398524168104423e-01,6.475617416651839875e-01,4.108050156875067693e-01,1.548806638422658422e-01,7.234058114335538692e-01
6.304398524168104423e-01,4.410748012771728011e-01,5.181002212269600893e-01,6.112258356613188282e-01,6.714617183324307348e-01,7.114937800687644032e-01
6.475617416651839875e-01,5.181002212269600893e-01,3.194255586084017162e-01,2.693372286717700681e-01,4.329389799919002857e-01,4.195744768989111972e-01
4.108050156875067693e-01,6.112258356613188282e-01,2.693372286717700681e-01,4.324567388190537764e-01,5.778104309886227252e-01,1.270613804458745055e-01
1.548806638422658422e-01,6.714617183324307348e-01,4.329389799919002857e-01,5.778104309886227252e-01,3.986761139136417720e-01,5.597752745680315556e-01
7.234058114335538692e-01,7.114937800687644032e-01,4.195744768989111972e-01,1.270613804458745055e-01,5.597752745680315556e-01,6.137807455645671872e-02
