5.416036082653883366e-01,3.841475491007669829e-01,4.746105514485640664e-01,2.540096576478352297e-01,5.783163904648560560e-01,4.227873827402436890e-01
3.841475491007669829e-01,9.087244750325698117e-01,4.599286753472147660e-01,7.564856077185457828e-01,5.362441164886480038e-01,4.374955183284507387e-01
4.746105514485640664e-01,4.599286753472147660e-01,4.173831432401859942e-01,1.853427078729741884e-01,6.504800019415136747e-01,5.947498709843515030e-01
2.540096576478352297e-01,7.564856077185457828e-01,1.853427078729741884e-01,4.237228225827116557e-02,2.321317646384054023e-01,3.644908645581688700e-01
5.783163904648560560e-01,5.362441164886480038e-01,6.504800019415136747e-01,2.321317646384054023e-01,1.770761590644847061e-01,8.802839092682623878e-01
4.227873827402436890e-01,4.374955183284507387e-01,5.947498709843515030e-01,3.644908645581688700e-01,8.802839092682623878e-01,5.704585220052792449e-01
