6.948749320206550895e-01,4.222454769567378641e-01,4.349719121040115377e-01,6.533118517239212553e-01,7.376429064197744800e-01,5.305660739576806284e-01,6.564609738997666533e-01
4.222454769567378641e-01,5.319937547405407807e-01,1.068625055135130064e-01,7.313593810271903362e-01,8.513946571453412382e-01,6.721041882871116036e-01,6.156558080232701347e-01
4.349719121040115377e-01,1.068625055135130064e-01,3.395254178623537955e-01,7.756201087159904084e-01,3.943870433480836657e-01,2.284842693305842443e-01,1.643951925756307886e-01
6.533118517239212553e-01,7.313593810271903362e-01,7.756201087159904084e-01,1.898906016755489423e-01,5.601306193086871277e-01,5.121817496223814992e-01,3.386306000401112515e-01
7.376429064197744800e-01,8.513946571453412382e-01,3.943870433480836657e-01,5.601306193086871277e-01,5.267502740275241679e-01,2.038885431529624537e-01,4.960721940802756968e-01
5.305660739576806284e-01,6.721041882871116036e-01,2.284842693305842443e-01,5.121817496223814992e-01,2.038885431529624537e-01,9.482523419458689373e-01,6.678527764146788837e-01
6.564609738997666533e-01,6.156558080232701347e-01,1.643951925756307886e-01,3.386306000401112515e-01,4.960721940802756968e-01,6.678527764146788837e-01,5.939708451100323972e-01
