5.457920197285942576e-01,6.742433483263731153e-01,5.000685073443993378e-01,1.979313252578613347e-01,5.328326920763963859e-01,6.040943740536519613e-02
6.742433483263731153e-01,9.914819316728670229e-01,3.115831188819323527e-01,1.429626218800131299e-01,6.078923162660156976e-01,5.034648863553039533e-01
5.000685073443993378e-01,3.115831188819323527e-01,3.445809024521767627e-01,5.291898425935875894e-01,1.012734540842160080e-01,5.882182331428383870e-01
1.979313252578613347e-01,1.429626218800131299e-01,5.291898425935875894e-01,8.616654275051599532e-01,6.981330899302540249e-01,7.006190900497213381e-01
5.328326920763963859e-01,6.078923162660156976e-01,1.012734540842160080e-01,6.981330899302540249e-01,8.015605771161848914e-01,1.396021110248879538e-01
6.040943740536519613e-02,5.034648863553039533e-01,5.882182331428383870e-01,7.006190900497213381e-01,1.396021110248879538e-01,1.723664140710995385e-01
