9.018189022791465170e-01,4.034846244282869199e-01,8.108110900338302285e-01,7.339069524193135852e-01,4.684554798528275943e-01,7.132869620281359069e-01
4.034846244282869199e-01,4.280685653496377752e-01,2.778430316660017163e-01,7.903292130881901523e-01,7.320270149050402964e-01,5.241900617709895904e-01
8.108110900338302285e-01,2.778430316660017163e-01,3.045616124225024590e-01,4.977253190212688749e-01,5.329965796705716796e-01,6.877714553443198264e-01
7.339069524193135852e-01,7.903292130881901523e-01,4.977253190212688749e-01,3.387183506007985789e-01,5.428388877987387895e-01,7.249455119142482751e-01
4.684554798528275943e-01,7.320270149050402964e-01,5.329965796705716796e-01,5.428388877987387895e-01,5.061189334445128640e-01,3.258922011492457194e-01
7.132869620281359069e-01,5.241900617709895904e-01,6.877714553443198264e-01,7.249455119142482751e-01,3.258922011492457194e-01,1.792067047465984997e-01
