7.856767155887963705e-01,3.993468260627736077e-01,4.517537203431687964e-01,5.933833923990061709e-01,1.069178901104345658e-01,7.741904365088506657e-01
3.993468260627736077e-01,4.195991878439966349e-01,1.672682446522528732e-01,6.755492859429401697e-01,2.814482634941001260e-01,7.239591220075587419e-01
4.517537203431687964e-01,1.672682446522528732e-01,2.483775668851084806e-01,6.319832247387293656e-01,7.409730312429114729e-01,5.332393569419857648e-01
5.933833923990061709e-01,6.755492859429401697e-01,6.319832247387293656e-01,4.942349038813153017e-01,3.258826729879403805e-01,5.940524964712102785e-01
1.069178901104345658e-01,2.814482634941001260e-01,7.409730312429114729e-01,3.258826729879403805e-01,1.992237167190258340e-02,2.888737240240965010e-01
7.741904365088506657e-01,7.239591220075587419e-01,5.332393569419857648e-01,5.940524964712102785e-01,2.888737240240965010e-01,4.165402187979612147e-01
