5.264120664775289171e-01,1.089114637313334799e-01,8.268344343871186775e-01,8.480244409089402469e-01,8.418566224440512391e-01,2.557874812336944359e-01
1.089114637313334799e-01,5.558861318932051265e-02,1.763505605602570525e-01,7.511921738930851244e-01,1.418746382253558425e-01,5.716296462355425767e-01
8.268344343871186775e-01,1.763505605602570525e-01,5.664371421262592854e-02,3.966618432551804463e-01,5.912010482873242267e-01,4.521415630509450501e-01
8.480244409089402469e-01,7.511921738930851244e-01,3.966618432551804463e-01,7.031558165235411995e-01,7.766096157041548764e-01,1.633071028103342259e-01
8.418566224440512391e-01,1.418746382253558425e-01,5.912010482873242267e-01,7.766096157041548764e-01,7.152330493550743684e-01,7.045307945516879888e-01
2.557874812336944359e-01,5.716296462355425767e-01,4.521415630509450501e-01,1.633071028103342259e-01,7.045307945516879888e-01,5.158438642073727154e-01
