9.848401931743443471e-01,3.870292817309094469e-01,9.087967344613380183e-01,6.190767857183281375e-01,4.946186976725369666e-01,6.697937133514305641e-01
3.870292817309094469e-01,9.339950384226931579e-01,1.836800035039536927e-01,5.015016779310585981e-01,3.447004169517596250e-01,1.821831106421426538e-01
9.087967344613380183e-01,1.836800035039536927e-01,4.869853819567011577e-01,1.224499549136791043e-01,6.473100866527836672e-01,4.059968656944050736e-01
6.190767857183281375e-01,5.015016779310585981e-01,1.224499549136791043e-01,6.715868310815823472e-01,2.835625047347792305e-01,5.406390317522860034e-01
4.946186976725369666e-01,3.447004169517596250e-01,6.473100866527836672e-01,2.835625047347792305e-01,3.825548548094116486e-01,2.737752973973465731e-01
6.697937133514305641e-01,1.821831106421426538e-01,4.059968656944050736e-01,5.406390317522860034e-01,2.737752973973465731e-01,6.240320656961352297e-01
