7.219984657611840939e-01,5.191460453348979431e-01,4.648214690368261404e-01,8.001583422969720250e-01,4.056088036890491688e-01,2.816993669268488265e-01
5.191460453348979431e-01,8.475367020316353361e-01,7.671857987335695128e-01,5.371197654176860237e-01,4.318226698285974052e-01,6.892325030205244119e-01
4.648214690368261404e-01,7.671857987335695128e-01,6.954528565512242411e-01,5.092243762583842370e-01,3.688597753219163833e-01,7.699107378885585717e-01
8.001583422969720250e-01,5.371197654176860237e-01,5.092243762583842370e-01,8.264640493444446179e-01,5.983035276333019681e-01,3.199066392034867201e-01
4.056088036890491688e-01,4.318226698285974052e-01,3.688597753219163833e-01,5.983035276333019681e-01,4.995995790181952945e-01,5.981896800070443110e-01
2.816993669268488265e-01,6.892325030205244119e-01,7.699107378885585717e-01,3.199066392034867201e-01,5.981896800070443110e-01,9.282734587250164315e-01
