6.482336725448545334e-01,7.695699634104518072e-01,5.551083909955728535e-01,5.809591351659646463e-01,6.826553893118848526e-01,7.728099915605837200e-01
7.695699634104518072e-01,2.211778340737305948e-01,7.070563387829120749e-01,2.614290644346535797e-01,6.401371655933052462e-01,4.508980538104447877e-01
5.551083909955728535e-01,7.070563387829120749e-01,2.985220511987365377e-01,2.585990870058541002e-01,3.285706137273399219e-01,6.203745132089343306e-01
5.809591351659646463e-01,2.614290644346535797e-01,2.585990870058541002e-01,9.961213630338305869e-02,5.894581057830656778e-01,3.250120440852963810e-01
6.826553893118848526e-01,6.401371655933052462e-01,3.285706137273399219e-01,5.894581057830656778e-01,6.739225235773894651e-01,6.525920609835472730e-02
7.728099915605837200e-01,4.508980538104447877e-01,6.203745132089343306e-01,3.250120440852963810e-01,6.525920609835472730e-02,3.997287967528474484e-01
