8.178029733159736248e-01,5.148470922077510448e-01,5.663613889382612676e-01,2.035955988376249581e-01,3.622794240454813575e-01,6.815632178411779041e-01
5.148470922077510448e-01,1.609549873887465843e-01,4.849583243752428330e-01,6.358770163259985786e-01,3.277288049051593211e-01,5.353118832463816812e-01
5.663613889382612676e-01,4.849583243752428330e-01,4.279749908059016228e-03,4.322486431129304862e-01,1.977352994800384289e-01,5.073880507936454620e-01
2.035955988376249581e-01,6.358770163259985786e-01,4.322486431129304862e-01,4.231128510470999471e-01,8.619188354736286861e-01,3.218549700942687219e-01
3.622794240454813575e-01,3.277288049051593211e-01,1.977352994800384289e-01,8.619188354736286861e-01,5.264520253330484678e-02,3.072881758292389520e-01
6.815632178411779041e-01,5.353118832463816812e-01,5.073880507936454620e-01,3.218549700942687219e-01,3.072881758292389520e-01,5.395091847603905588e-02
