3.048372946463439037e-01,3.927643728463915407e-01,2.941333984261367274e-01,8.226247408590415811e-01,3.418073643831011643e-01,8.400101478658738019e-01
3.927643728463915407e-01,5.235413839323364016e-01,8.044668048013465800e-01,8.434454504102192329e-01,8.342991691279608713e-01,3.974881939306321166e-01
2.941333984261367274e-01,8.044668048013465800e-01,1.622326027680435212e-01,4.372395383953378567e-01,2.718540464703458892e-01,6.527250630606882265e-01
8.226247408590415811e-01,8.434454504102192329e-01,4.372395383953378567e-01,4.921033538674836061e-01,4.271338561503060793e-01,3.011225860884476635e-01
3.418073643831011643e-01,8.342991691279608713e-01,2.718540464703458892e-01,4.271338561503060793e-01,4.497978860498942355e-01,6.286061762741345094e-01
8.400101478658738019e-01,3.974881939306321166e-01,6.527250630606882265e-01,3.011225860884476635e-01,6.286061762741345094e-01,2.409251888579285739e-01
