4.915677377026829165e-01,3.824192070437289481e-01,7.278855276148796793e-01,7.001988638194820425e-01,6.069841544486488383e-01,3.022548772656077354e-01
3.824192070437289481e-01,2.869660190238304542e-01,7.306993785811488618e-02,4.703475568603691648e-01,4.937610973260374014e-01,6.216514613502663877e-01
7.278855276148796793e-01,7.306993785811488618e-02,3.653078678149216385e-01,4.394200707022051788e-01,5.834187480127797087e-01,9.436040282295604653e-01
7.001988638194820425e-01,4.703475568603691648e-01,4.394200707022051788e-01,6.759444541197940914e-01,9.125376607240787141e-02,5.430077411380920260e-01
6.069841544486488383e-01,4.937610973260374014e-01,5.834187480127797087e-01,9.125376607240787141e-02,7.004595639124402418e-01,6.164896978802908434e-01
3.022548772656077354e-01,6.216514613502663877e-01,9.436040282295604653e-01,5.430077411380920260e-01,6.164896978802908434e-01,2.026115115646507370e-01
