8.259329324549735674e-01,4.693642990844679730e-01,6.169549244533005794e-01,4.667963006759673350e-01,8.472423165727396288e-01,4.071353280109505923e-01
4.693642990844679730e-01,1.641002988966037135e-01,5.038988158026951325e-01,6.636940375316470186e-01,7.889020680990823653e-01,2.903777053517022644e-01
6.169549244533005794e-01,5.038988158026951325e-01,8.633697514469197420e-01,4.816083019648811914e-01,5.261633599857138410e-01,3.647190376925726896e-01
4.667963006759673350e-01,6.636940375316470186e-01,4.816083019648811914e-01,2.825840127395984336e-01,2.830124674677786389e-02,5.886088723143217960e-02
8.472423165727396288e-01,7.889020680990823653e-01,5.261633599857138410e-01,2.830124674677786389e-02,2.567126349298906041e-01,5.593122594034583006e-01
4.071353280109505923e-01,2.903777053517022644e-01,3.647190376925726896e-01,5.886088723143217960e-02,5.593122594034583006e-01,2.575325429130137511e-01
