8.726501902738120764e-01,3.925850213051663151e-01,4.803236518596319393e-01,1.360686948747918401e-01,3.571310923945700266e-01,3.780651605062730347e-01,3.262647952787314787e-01
3.925850213051663151e-01,2.875303846767077731e-01,3.244571859588575857e-01,5.052224211582889701e-01,4.248493696241022466e-01,7.371733768672453779e-01,6.946639799044040942e-01
4.803236518596319393e-01,3.244571859588575857e-01,3.203901108989426483e-02,3.231324312740914695e-01,4.784507739825686334e-01,4.286707085576174636e-01,4.690092029734111434e-01
1.360686948747918401e-01,5.052224211582889701e-01,3.231324312740914695e-01,9.781992932704240973e-01,6.503270757038150940e-01,5.337355834853685366e-01,4.402005605371255292e-01
3.571310923945700266e-01,4.248493696241022466e-01,4.784507739825686334e-01,6.503270757038150940e-01,7.831547274079642129e-03,5.984746905113886850e-01,7.885897334050349095e-01
3.780651605062730347e-01,7.371733768672453779e-01,4.286707085576174636e-01,5.337355834853685366e-01,5.984746905113886850e-01,1.260299558711148737e-01,4.461907086847713977e-01
3.262647952787314787e-01,6.946639799044040942e-01,4.690092029734111434e-01,4.402005605371255292e-01,7.885897334050349095e-01,4.461907086847713977e-01,4.011864729369466476e-01
