1.086064975670517629e-01,5.175308639578874992e-01,4.785456749176834612e-01,6.423622749705014678e-01,2.957916795814347632e-01,5.191640752700912298e-01
5.175308639578874992e-01,9.582493746000156909e-01,5.380456062659053629e-01,6.713391814557623238e-01,3.910187180512726957e-01,1.082025847080564374e-01
4.785456749176834612e-01,5.380456062659053629e-01,3.912103362942792595e-01,3.298694737069589600e-01,7.055699696748136684e-01,4.673081571735104855e-01
6.423622749705014678e-01,6.713391814557623238e-01,3.298694737069589600e-01,4.591083963255445655e-01,6.281391660526582932e-01,5.566787971351522257e-02
2.957916795814347632e-01,3.910187180512726957e-01,7.055699696748136684e-01,6.281391660526582932e-01,5.843143124485196127e-01,7.726444543572531520e-01
5.191640752700912298e-01,1.082025847080564374e-01,4.673081571735104855e-01,5.566787971351522257e-02,7.726444543572531520e-01,1.257673368923606372e-02
