2.885173881209246449e-01,4.961903025619473495e-01,9.295661367210263926e-01,8.171141892879438817e-01,7.657503171738234693e-01,5.772358852016301611e-01
4.961903025619473495e-01,4.660011097062923824e-01,3.799781395236110915e-01,4.668933585615876458e-01,7.186453509884798141e-01,3.389384837181140253e-01
9.295661367210263926e-01,3.799781395236110915e-01,2.276274942768595766e-01,5.992528966175908467e-02,3.435479687385057934e-01,7.555406574511287499e-01
8.171141892879438817e-01,4.668933585615876458e-01,5.992528966175908467e-02,2.130718546623977527e-01,4.435447868752981360e-01,1.089451972267175828e-01
7.657503171738234693e-01,7.186453509884798141e-01,3.435479687385057934e-01,4.435447868752981360e-01,1.342433349319367419e-01,4.795761346608122255e-01
5.772358852016301611e-01,3.389384837181140253e-01,7.555406574511287499e-01,1.089451972267175828e-01,4.795761346608122255e-01,8.722679696093840196e-01
