7.272253011045991533e-01,6.944585625151634689e-01,4.042394444349742266e-01,7.342851793179215880e-01,3.961136011755623243e-01,4.265516915323807612e-01
6.944585625151634689e-01,8.935910538193048147e-02,7.188478851021560256e-01,2.165626597377134366e-01,5.981568026384240788e-01,4.715920460304759421e-01
4.042394444349742266e-01,7.188478851021560256e-01,7.297732684747697540e-01,6.960430253551377344e-01,5.314929059918376275e-01,8.008528757668635922e-01
7.342851793179215880e-01,2.165626597377134366e-01,6.960430253551377344e-01,7.880517662717934080e-02,2.265915377376065964e-01,6.251507527546212861e-01
3.961136011755623243e-01,5.981568026384240788e-01,5.314929059918376275e-01,2.265915377376065964e-01,5.073802121642038143e-01,2.379332378041064122e-01
4.265516915323807612e-01,4.715920460304759421e-01,8.008528757668635922e-01,6.251507527546212861e-01,2.379332378041064122e-01,8.225231145393241405e-02
