1.619883928417689134e-01,8.016717498735310699e-01,3.610244104423421807e-01,4.871627135791439800e-01,1.727569158829494467e-01,4.218750891211748844e-01
8.016717498735310699e-01,1.105323453594356797e-01,5.070917171650393129e-01,6.427323184121372934e-01,8.441878318643503132e-01,5.401509987790384937e-01
3.610244104423421807e-01,5.070917171650393129e-01,8.402200728714472877e-01,4.939836022537705817e-01,4.715044660034751201e-01,3.419067485657045213e-01
4.871627135791439800e-01,6.427323184121372934e-01,4.939836022537705817e-01,1.034154100189837999e-01,9.217822872264922474e-01,6.348021237867322863e-01
1.727569158829494467e-01,8.441878318643503132e-01,4.715044660034751201e-01,9.217822872264922474e-01,1.806391692401870808e-01,6.188141732762471037e-01
4.218750891211748844e-01,5.401509987790384937e-01,3.419067485657045213e-01,6.348021237867322863e-01,6.188141732762471037e-01,9.768191732903105384e-01
