3.210865409451102437e-02,4.581156283863608847e-01,5.899086758974914080e-01,3.499152086500562642e-01,3.983897567452095445e-01,3.269172926317157613e-01
4.581156283863608847e-01,5.282676073968243236e-01,8.096874418117636640e-01,4.019192083555613304e-01,6.820814347811827716e-01,6.034883397323074217e-01
5.899086758974914080e-01,8.096874418117636640e-01,9.200014183951457092e-01,3.356186377284310907e-01,7.850315879857929779e-01,5.375092997880195345e-01
3.499152086500562642e-01,4.019192083555613304e-01,3.356186377284310907e-01,4.844846881016237061e-01,3.583437796455600788e-01,4.948000038323736027e-01
3.983897567452095445e-01,6.820814347811827716e-01,7.850315879857929779e-01,3.583437796455600788e-01,5.428702077296175821e-01,8.344521687594610437e-01
3.269172926317157613e-01,6.034883397323074217e-01,5.375092997880195345e-01,4.948000038323736027e-01,8.344521687594610437e-01,4.553256954888454944e-01
