4.935890380249029485e-01,4.655688594888935938e-01,6.711418848624626232e-01,5.927358613517808017e-01,7.261586310074655826e-01,5.036497538662991769e-01
4.655688594888935938e-01,1.644326613503743761e-02,7.290230440765099740e-01,8.168879539946123369e-01,6.413545801212681141e-01,4.297564669182492580e-01
6.711418848624626232e-01,7.290230440765099740e-01,7.997500752088546605e-01,2.184991735609352337e-01,6.847887383828971108e-01,5.905683306843635405e-01
5.927358613517808017e-01,8.168879539946123369e-01,2.184991735609352337e-01,4.899204046057165085e-01,2.631232245862252794e-01,6.335847663727735002e-01
7.261586310074655826e-01,6.413545801212681141e-01,6.847887383828971108e-01,2.631232245862252794e-01,7.771866277819531321e-01,1.297708183190062758e-01
5.036497538662991769e-01,4.297564669182492580e-01,5.905683306843635405e-01,6.335847663727735002e-01,1.297708183190062758e-01,5.109016489435320718e-01
