4.856449145391821265e-01,5.892227233980413814e-01,5.695316441274913544e-01,2.796608183104480339e-01,4.609281019035507687e-01,4.396862842274835703e-01
5.892227233980413814e-01,4.261456082696886138e-01,2.733607615638382060e-01,3.640018730529098190e-01,3.650708887731038410e-01,7.175760900589300828e-01
5.695316441274913544e-01,2.733607615638382060e-01,6.321343414652490500e-01,6.163396002092661474e-01,5.897042162242497332e-01,7.719984399203134728e-01
2.796608183104480339e-01,3.640018730529098190e-01,6.163396002092661474e-01,6.463419542371866555e-01,5.394333237179047558e-01,8.579132671953623168e-01
4.609281019035507687e-01,3.650708887731038410e-01,5.897042162242497332e-01,5.394333237179047558e-01,5.766710616099495201e-01,8.414159455022194312e-01
4.396862842274835703e-01,7.175760900589300828e-01,7.719984399203134728e-01,8.579132671953623168e-01,8.414159455022194312e-01,3.332372825949917461e-01
