8.853993527145811449e-01,5.865934059581301430e-01,9.736964744937711691e-01,3.615076522208747201e-01,8.304616487483449383e-01,4.511227532302470866e-01
5.865934059581301430e-01,6.132178673194642604e-01,4.037985194610518858e-01,3.969662559656278455e-01,5.990510819703578349e-01,5.097225112486989396e-01
9.736964744937711691e-01,4.037985194610518858e-01,8.427208901041813860e-01,5.518424527432195248e-01,2.839732753299799572e-01,5.202667891584823456e-01
3.615076522208747201e-01,3.969662559656278455e-01,5.518424527432195248e-01,1.812659864818011446e-01,3.669395227520541036e-01,7.734743822291254567e-01
8.304616487483449383e-01,5.990510819703578349e-01,2.839732753299799572e-01,3.669395227520541036e-01,3.023761490676462049e-01,9.298336020727802076e-01
4.511227532302470866e-01,5.097225112486989396e-01,5.202667891584823456e-01,7.734743822291254567e-01,9.298336020727802076e-01,6.858796008047706172e-01
