8.976763695753761096e-01,7.352334361875750846e-01,4.415403534721040191e-01,6.743319066081728819e-01,4.523011024892646392e-01,6.742846990203766877e-01
7.352334361875750846e-01,9.001191883715726760e-01,7.983142787106860538e-01,6.142073120493611871e-01,6.448930800310941347e-01,4.917116154912977710e-01
4.415403534721040191e-01,7.983142787106860538e-01,6.481737588541920392e-01,2.601468540352931402e-01,9.256398726773068519e-02,5.204594947995091481e-01
6.743319066081728819e-01,6.142073120493611871e-01,2.601468540352931402e-01,6.952648527520175481e-01,9.553706432050140807e-02,5.839849810317901957e-01
4.523011024892646392e-01,6.448930800310941347e-01,9.256398726773068519e-02,9.553706432050140807e-02,2.795066047136616216e-01,3.282235867072681446e-01
6.742846990203766877e-01,4.917116154912977710e-01,5.204594947995091481e-01,5.839849810317901957e-01,3.282235867072681446e-01,4.632213997092978763e-01
