3.576317999508445977e-01,5.820095862858052360e-01,3.832597688299502203e-01,4.209645529002162823e-01,9.013214414801818952e-01,6.865825748138841833e-01
5.820095862858052360e-01,2.847597463629257808e-01,8.415351091339242640e-01,5.201908484255178822e-01,2.881425213248817174e-01,7.046001988640893110e-01
3.832597688299502203e-01,8.415351091339242640e-01,7.062433218251936706e-01,6.116801114475931556e-01,6.625728715861847196e-01,5.819835261833625761e-01
4.209645529002162823e-01,5.201908484255178822e-01,6.116801114475931556e-01,2.721253067411575355e-01,2.994404422822205536e-01,6.407397990379536390e-01
9.013214414801818952e-01,2.881425213248817174e-01,6.625728715861847196e-01,2.994404422822205536e-01,7.736696163288228068e-01,3.927007679522996342e-01
6.865825748138841833e-01,7.046001988640893110e-01,5.819835261833625761e-01,6.407397990379536390e-01,3.927007679522996342e-01,9.016597954267289161e-01
