8.741378058051418876e-01,4.413013133985104197e-01,7.124526627774778742e-01,4.158538233302824239e-01,8.610810520265490542e-01,5.826065469366871197e-01
4.413013133985104197e-01,3.087377972291807104e-01,5.031632425526448849e-01,1.635004615866192945e-01,7.426817985622493623e-01,7.511460256458389884e-01
7.124526627774778742e-01,5.031632425526448849e-01,4.819519032069137232e-01,8.334036488762102124e-01,3.203182177665475083e-01,5.532098877903695033e-01
4.158538233302824239e-01,1.635004615866192945e-01,8.334036488762102124e-01,5.927474815937899821e-01,8.072715376931343112e-01,3.535044360489738580e-01
8.610810520265490542e-01,7.426817985622493623e-01,3.203182177665475083e-01,8.072715376931343112e-01,3.291889417725809563e-01,6.371804601017938552e-01
5.826065469366871197e-01,7.511460256458389884e-01,5.532098877903695033e-01,3.535044360489738580e-01,6.371804601017938552e-01,6.029980028113004487e-01
