7.577640533956605529e-01,8.830502648315800007e-01,2.001854513559011561e-01,3.253585986507984695e-01,5.789617921394382138e-01,1.838605730827280182e-01
8.830502648315800007e-01,9.931288051956558283e-01,1.909327067202580830e-01,6.089096462515848351e-01,7.050688646085474520e-01,7.821463249561269038e-01
2.001854513559011561e-01,1.909327067202580830e-01,7.995672988381845592e-01,6.073539422244064179e-01,1.514307815168244309e-01,3.600388496643987524e-01
3.253585986507984695e-01,6.089096462515848351e-01,6.073539422244064179e-01,5.017631664234800670e-02,6.279398583953954560e-01,5.515646984641453532e-01
5.789617921394382138e-01,7.050688646085474520e-01,1.514307815168244309e-01,6.279398583953954560e-01,2.769837191642710028e-02,2.777943076892125940e-01
1.838605730827280182e-01,7.821463249561269038e-01,3.600388496643987524e-01,5.515646984641453532e-01,2.777943076892125940e-01,7.611488571466050734e-01
