7.753568526965120000e-01,7.744798473383638360e-01,3.401716329049506715e-01,5.417775701248541687e-01,5.265521700230268998e-01,3.536266391261308484e-01,9.010906166259549099e-01
7.744798473383638360e-01,2.206312287799784277e-01,4.901746436825170639e-01,5.193628349996741722e-01,3.386575194390453736e-01,9.153964629178620305e-01,5.824498334671116551e-01
3.401716329049506715e-01,4.901746436825170639e-01,5.809016758911210720e-01,6.068074177028494054e-01,8.439605027425770567e-01,3.764851560896724791e-01,2.232329833150515364e-01
5.417775701248541687e-01,5.193628349996741722e-01,6.068074177028494054e-01,3.649612114350817560e-01,7.992810931465544888e-01,4.836180977775724754e-01,5.831858165475505285e-01
5.265521700230268998e-01,3.386575194390453736e-01,8.439605027425770567e-01,7.992810931465544888e-01,9.170244184937600407e-01,2.034227002816919594e-01,5.925750539719343291e-01
3.536266391261308484e-01,9.153964629178620305e-01,3.764851560896724791e-01,4.836180977775724754e-01,2.034227002816919594e-01,2.579606843103647851e-01,4.628460306329489349e-01
9.010906166259549099e-01,5.824498334671116551e-01,2.232329833150515364e-01,5.831858165475505285e-01,5.925750539719343291e-01,4.628460306329489349e-01,1.994939864160993892e-02
