6.861419746321585356e-01,5.965698935445521434e-01,4.210049933948281087e-01,4.458353439416878894e-01,8.627406982190863882e-01,2.472941346754686798e-02
5.965698935445521434e-01,5.416759768442458434e-02,4.743398772979418587e-01,7.257528064267979584e-01,1.204508204838354302e-01,3.104723492109441318e-01
4.210049933948281087e-01,4.743398772979418587e-01,5.282168990572375655e-01,2.282149378192481204e-01,8.212180992235151855e-02,8.304441161545479400e-01
4.458353439416878894e-01,7.257528064267979584e-01,2.282149378192481204e-01,3.239601606923486754e-01,1.578486486287946633e-01,3.999052337866752516e-01
8.627406982190863882e-01,1.204508204838354302e-01,8.212180992235151855e-02,1.578486486287946633e-01,7.048434330481579968e-01,5.220633837636706742e-01
2.472941346754686798e-02,3.104723492109441318e-01,8.304441161545479400e-01,3.999052337866752516e-01,5.220633837636706742e-01,7.272019832247611504e-02
