9.233039498815187596e-01,3.752563121656967149e-01,6.325896346604954479e-01,3.844603772726110091e-01,5.518090875102110715e-01,4.194039623875371325e-01
3.752563121656967149e-01,9.098379862453340738e-01,7.784702505267424577e-01,4.575893661989607342e-01,3.992940481190274116e-01,2.989785999723823529e-01
6.325896346604954479e-01,7.784702505267424577e-01,6.062245455200263589e-01,7.030288017170100989e-01,5.307320185715642680e-01,5.993012767689798181e-01
3.844603772726110091e-01,4.575893661989607342e-01,7.030288017170100989e-01,3.699125333525379311e-01,5.108796599973979280e-01,6.063601223405692409e-01
5.518090875102110715e-01,3.992940481190274116e-01,5.307320185715642680e-01,5.108796599973979280e-01,5.355921286464001563e-01,3.625559479064487944e-01
4.194039623875371325e-01,2.989785999723823529e-01,5.993012767689798181e-01,6.063601223405692409e-01,3.625559479064487944e-01,6.712310459625981940e-01
