8.280553396250811549e-01,6.199280988288179417e-01,5.833809132529977903e-01,4.396563548048240122e-01,3.579521407231554542e-01,7.465216896369342159e-01
6.199280988288179417e-01,8.671196824658645719e-01,4.718126609527812376e-01,3.192769545911220974e-01,9.268711290610733844e-01,5.199032633307820728e-01
5.833809132529977903e-01,4.718126609527812376e-01,5.734396706208134686e-01,3.178823654190882642e-01,3.005341073545824693e-01,4.961158370227211067e-01
4.396563548048240122e-01,3.192769545911220974e-01,3.178823654190882642e-01,4.130263112886985999e-01,5.293074079156760980e-01,1.610662832655453403e-01
3.579521407231554542e-01,9.268711290610733844e-01,3.005341073545824693e-01,5.293074079156760980e-01,6.249251057065327020e-01,1.615564832118634442e-01
7.465216896369342159e-01,5.199032633307820728e-01,4.961158370227211067e-01,1.610662832655453403e-01,1.615564832118634442e-01,5.293364364142462142e-01
