7.922423954628277087e-01,1.435503015786632197e-01,4.946887774227732293e-01,2.661101612306521758e-01,2.764272925164922845e-01,5.524719394062458377e-01
1.435503015786632197e-01,2.217937781442904654e-01,8.506531397088827884e-01,3.378495436094957616e-01,6.055748321307881099e-01,7.048674545462081387e-01
4.946887774227732293e-01,8.506531397088827884e-01,4.418663640986292274e-01,6.041883201756359512e-01,3.279749718325203345e-01,2.458811930407115987e-01
2.661101612306521758e-01,3.378495436094957616e-01,6.041883201756359512e-01,7.038813582413150360e-01,4.172217646259870349e-01,3.676151354745212929e-01
2.764272925164922845e-01,6.055748321307881099e-01,3.279749718325203345e-01,4.172217646259870349e-01,4.304496720395026843e-01,8.071988876148971093e-01
5.524719394062458377e-01,7.048674545462081387e-01,2.458811930407115987e-01,3.676151354745212929e-01,8.071988876148971093e-01,7.144090231240278754e-01
