1.549284250873453894e-01,5.852368613844558531e-01,3.207366357769957932e-01,7.196038049198223430e-01,1.765424625824720262e-01,2.926413437607920387e-01
5.852368613844558531e-01,7.263088327790676590e-01,3.027197202408642984e-01,5.690703246913578761e-01,3.729732480822776086e-01,4.466406094209461886e-01
3.207366357769957932e-01,3.027197202408642984e-01,1.632619310498661935e-01,7.236648165020038714e-01,5.510759036706076586e-01,5.690841544734898116e-01
7.196038049198223430e-01,5.690703246913578761e-01,7.236648165020038714e-01,2.324924770342698954e-01,7.206529029623758298e-01,1.011169858708311775e-01
1.765424625824720262e-01,3.729732480822776086e-01,5.510759036706076586e-01,7.206529029623758298e-01,7.521557232203062160e-01,4.174004039474200622e-01
2.926413437607920387e-01,4.466406094209461886e-01,5.690841544734898116e-01,1.011169858708311775e-01,4.174004039474200622e-01,2.200970404635391731e-01
