4.125273810758536275e-01,6.218329988576923872e-01,9.350868215127590144e-01,8.024463554242469154e-01,3.682099858287405381e-01,7.477449443053862943e-01
6.218329988576923872e-01,1.807901676243136579e-01,9.593748993864650298e-01,3.307567861012220556e-01,6.287630998430169260e-01,1.245327320543925254e-01
9.350868215127590144e-01,9.593748993864650298e-01,1.187496610108399464e-01,5.402945115647330709e-01,1.922643595484116452e-01,7.094800167763054555e-01
8.024463554242469154e-01,3.307567861012220556e-01,5.402945115647330709e-01,9.924656266530074156e-02,9.199467721729093217e-01,4.612674958486558952e-01
3.682099858287405381e-01,6.287630998430169260e-01,1.922643595484116452e-01,9.199467721729093217e-01,6.281816474925052685e-01,4.663282579600729894e-01
7.477449443053862943e-01,1.245327320543925254e-01,7.094800167763054555e-01,4.612674958486558952e-01,4.663282579600729894e-01,8.409994055308456229e-01
