4.995509561687575539e-01,6.256823770525088424e-01,3.407519355829321528e-01,4.602882347504632099e-01,1.725078180130173444e-01,5.253995620192253302e-01,4.444460167514910354e-01
6.256823770525088424e-01,7.471215004218315636e-01,7.484328671646457432e-01,2.260610459932255178e-01,3.922778132150005481e-01,6.575006375560552563e-01,9.410403995910570085e-01
3.407519355829321528e-01,7.484328671646457432e-01,1.508257053752708465e-01,5.678341064999286036e-01,4.990653482824357612e-01,6.227108472662299388e-01,7.468100486394437798e-01
4.602882347504632099e-01,2.260610459932255178e-01,5.678341064999286036e-01,8.119995715990931950e-01,2.162057277828920987e-01,7.522513113801868601e-01,7.238729649972674984e-02
1.725078180130173444e-01,3.922778132150005481e-01,4.990653482824357612e-01,2.162057277828920987e-01,7.955997812258526203e-01,2.743617963607749011e-01,2.578990778281202156e-01
5.253995620192253302e-01,6.575006375560552563e-01,6.227108472662299388e-01,7.522513113801868601e-01,2.743617963607749011e-01,8.982962571772681315e-01,6.727472401451503048e-01
4.444460167514910354e-01,9.410403995910570085e-01,7.468100486394437798e-01,7.238729649972674984e-02,2.578990778281202156e-01,6.727472401451503048e-01,6.674693135208054073e-01
