6.156377694702511727e-01,6.849583263353924423e-01,4.051329372083716240e-01,7.476723270808997013e-01,4.297871259073423600e-01,7.590309791064714373e-02
6.849583263353924423e-01,2.754275523712222951e-01,3.901314787959307417e-01,6.014639458173396402e-01,5.075846548158970961e-01,3.452686503025642617e-01
4.051329372083716240e-01,3.901314787959307417e-01,7.648994923172205418e-01,4.912859090067602796e-01,2.163974411752884741e-01,3.068083937407988238e-01
7.476723270808997013e-01,6.014639458173396402e-01,4.912859090067602796e-01,3.481122724359876353e-01,7.255035261551241454e-01,8.201951801094604644e-01
4.297871259073423600e-01,5.075846548158970961e-01,2.163974411752884741e-01,7.255035261551241454e-01,7.902405645868864070e-01,4.422937168337166547e-01
7.590309791064714373e-02,3.452686503025642617e-01,3.068083937407988238e-01,8.201951801094604644e-01,4.422937168337166547e-01,8.425752836274914559e-01
