4.837435240451648522e-01,6.671469474433113778e-01,5.666186337517894467e-01,5.345452298981538952e-01,3.006481191602494718e-01,6.387708774697140601e-01
6.671469474433113778e-01,3.982363092564152884e-01,5.822243415991863458e-01,6.966821757411026939e-01,3.970164660678937030e-01,5.145740759161809841e-01
5.666186337517894467e-01,5.822243415991863458e-01,7.209775398651004918e-01,8.107199844196993910e-02,3.741046518360979789e-01,1.254654484005421344e-01
5.345452298981538952e-01,6.966821757411026939e-01,8.107199844196993910e-02,1.073603162214468165e-01,2.741713870552604515e-01,5.190150721907886844e-01
3.006481191602494718e-01,3.970164660678937030e-01,3.741046518360979789e-01,2.741713870552604515e-01,5.376832551013451811e-01,7.059161919044555367e-01
6.387708774697140601e-01,5.145740759161809841e-01,1.254654484005421344e-01,5.190150721907886844e-01,7.059161919044555367e-01,2.084447926304506815e-01
