2.980423282488312564e-01,2.899160134671944777e-01,5.457809398931605660e-01,2.638115978315579979e-01,4.042887936099727186e-01,6.121648744898253725e-01
2.899160134671944777e-01,1.384899592471176000e-01,8.168943519878142379e-01,1.588308989415048722e-01,1.024133268613070524e-01,2.829170292803724340e-01
5.457809398931605660e-01,8.168943519878142379e-01,4.564723769353030702e-01,7.213887213608055626e-01,5.187703378106979235e-01,4.304541252623165226e-01
2.638115978315579979e-01,1.588308989415048722e-01,7.213887213608055626e-01,8.741467347625052620e-01,7.522069372316386726e-02,5.087844003745090049e-01
4.042887936099727186e-01,1.024133268613070524e-01,5.187703378106979235e-01,7.522069372316386726e-02,3.318605502409103236e-01,4.869659247980742678e-01
6.121648744898253725e-01,2.829170292803724340e-01,4.304541252623165226e-01,5.087844003745090049e-01,4.869659247980742678e-01,7.506290224656340104e-01
