1.084661649508403825e-01,6.361620569177317552e-01,2.559796543884283460e-01,5.822267272149426187e-01,2.854892651293590711e-01,4.269378769870691981e-01
6.361620569177317552e-01,7.295935467461879265e-01,6.519686366014021406e-01,5.971531963608512905e-01,6.627320997456904728e-01,4.170219740397876906e-01
2.559796543884283460e-01,6.519686366014021406e-01,7.820104143736771318e-01,4.883763023455828800e-01,5.682492541122368124e-01,7.235365178923387486e-01
5.822267272149426187e-01,5.971531963608512905e-01,4.883763023455828800e-01,3.894440464422845860e-01,4.813532157877465356e-01,4.824751967975321465e-02
2.854892651293590711e-01,6.627320997456904728e-01,5.682492541122368124e-01,4.813532157877465356e-01,4.790721773673526362e-01,7.322605896675841164e-01
4.269378769870691981e-01,4.170219740397876906e-01,7.235365178923387486e-01,4.824751967975321465e-02,7.322605896675841164e-01,2.172786572677415373e-01
