2.206930990066358067e-01,1.302679272011279532e-01,6.265582022446117838e-01,2.632988273703991688e-01,4.063443177027025732e-01,2.197139857340077440e-01
1.302679272011279532e-01,5.584663363653712409e-01,6.057180625157735365e-01,4.220146634747284353e-01,2.050512504307650530e-01,5.944393494681071699e-01
6.265582022446117838e-01,6.057180625157735365e-01,1.355816736616738405e-01,5.154836666645848942e-01,9.210349138808355818e-01,5.976962619530321597e-01
2.632988273703991688e-01,4.220146634747284353e-01,5.154836666645848942e-01,4.439952575127591450e-01,7.510756308022772387e-01,7.836503171831508130e-01
4.063443177027025732e-01,2.050512504307650530e-01,9.210349138808355818e-01,7.510756308022772387e-01,3.277697672438061316e-01,8.246455217599559795e-01
2.197139857340077440e-01,5.944393494681071699e-01,5.976962619530321597e-01,7.836503171831508130e-01,8.246455217599559795e-01,6.058121664114857197e-01
