7.204132818917818870e-02,1.045640447760126102e-01,7.150507501272458377e-01,5.136959287062696777e-01,1.124348643788473656e-01,3.757839811240576422e-01
1.045640447760126102e-01,9.758221479119000286e-01,5.041521771929352580e-01,4.266299758644220841e-01,5.572642768427722437e-01,7.733682138836920350e-01
7.150507501272458377e-01,5.041521771929352580e-01,1.257590075922059292e-01,5.310541096488575752e-01,4.154787673058533137e-01,6.997802173595460973e-01
5.136959287062696777e-01,4.266299758644220841e-01,5.310541096488575752e-01,1.869834543804710369e-01,5.312972572300103113e-01,3.105102023893345220e-01
1.124348643788473656e-01,5.572642768427722437e-01,4.154787673058533137e-01,5.312972572300103113e-01,5.069997561906703920e-01,6.973711838493255044e-01
3.757839811240576422e-01,7.733682138836920350e-01,6.997802173595460973e-01,3.105102023893345220e-01,6.973711838493255044e-01,2.621003494576602533e-01
