7.988231173618584036e-01,8.424044703264288447e-01,3.128202861867818707e-01,5.253639819215822904e-01,6.007101240419490118e-01,2.838403578022133944e-01
8.424044703264288447e-01,7.871356472649684299e-01,5.990103080815136760e-01,3.457848875213547779e-01,3.323795983615355221e-01,3.889626573030198209e-01
3.128202861867818707e-01,5.990103080815136760e-01,8.340918998449911026e-01,6.191715056161130049e-01,2.386669867610267670e-01,4.767944100214546732e-01
5.253639819215822904e-01,3.457848875213547779e-01,6.191715056161130049e-01,4.643575827167236714e-01,4.357284444329575512e-01,9.182581529050761748e-01
6.007101240419490118e-01,3.323795983615355221e-01,2.386669867610267670e-01,4.357284444329575512e-01,8.934845426321066375e-01,6.605875365994184900e-01
2.838403578022133944e-01,3.889626573030198209e-01,4.767944100214546732e-01,9.182581529050761748e-01,6.605875365994184900e-01,1.900455820850552868e-01
