1.734376533857276970e-01,6.444300199785613081e-01,4.416255917441381240e-01,3.405137785590551802e-01,8.636416401380149210e-01,5.833695715986895181e-01
6.444300199785613081e-01,9.107175092005377337e-01,8.030131740319714773e-01,3.917970919429284993e-01,7.521137928363600400e-01,6.006979210982796857e-01
4.416255917441381240e-01,8.030131740319714773e-01,8.562959668660530266e-02,5.190265635529932586e-01,2.029545813039342894e-01,1.216957819859674217e-01
3.405137785590551802e-01,3.917970919429284993e-01,5.190265635529932586e-01,3.786369251864188934e-01,7.383499788062386493e-01,2.971648587928110152e-01
8.636416401380149210e-01,7.521137928363600400e-01,2.029545813039342894e-01,7.383499788062386493e-01,9.131663902648858855e-01,5.398586574604806732e-01
5.833695715986895181e-01,6.006979210982796857e-01,1.216957819859674217e-01,2.971648587928110152e-01,5.398586574604806732e-01,5.006006078002775972e-01
