4.365134960180286905e-01,5.139606119622361913e-01,5.794582673212554935e-01,1.722737480239703856e-01,4.512320553500704934e-01,4.496431524876863262e-01
5.139606119622361913e-01,5.341886803892273994e-01,5.111275073999346219e-01,4.201727900129658133e-01,4.106960747240415155e-01,4.525533088328643760e-01
5.794582673212554935e-01,5.111275073999346219e-01,6.642473430971016501e-01,8.369207196265442406e-01,1.372149229091011446e-01,4.024226666050259027e-01
1.722737480239703856e-01,4.201727900129658133e-01,8.369207196265442406e-01,4.685344925138011929e-01,4.646318375072409634e-01,2.898835926012712227e-01
4.512320553500704934e-01,4.106960747240415155e-01,1.372149229091011446e-01,4.646318375072409634e-01,4.131505237073658243e-01,5.018661084464729472e-01
4.496431524876863262e-01,4.525533088328643760e-01,4.024226666050259027e-01,2.898835926012712227e-01,5.018661084464729472e-01,8.822712007557618197e-01
