7.391813990397534395e-01,5.316311353841548515e-01,4.399198257047912120e-01,7.594967762612556683e-01,7.680711741235901613e-01,5.282844562348505413e-01
5.316311353841548515e-01,8.461116630087919255e-01,3.016899251974050622e-01,6.316900744029059211e-01,6.692160284701968997e-01,4.410689041328374471e-01
4.399198257047912120e-01,3.016899251974050622e-01,9.652383651733221770e-01,4.148287360457926787e-01,4.298319162986016240e-01,1.200440414843369497e-01
7.594967762612556683e-01,6.316900744029059211e-01,4.148287360457926787e-01,4.856059713818439150e-01,7.899666174098792792e-01,4.129282535057406944e-01
7.680711741235901613e-01,6.692160284701968997e-01,4.298319162986016240e-01,7.899666174098792792e-01,9.342029193349082883e-01,3.931010886546381089e-01
5.282844562348505413e-01,4.410689041328374471e-01,1.200440414843369497e-01,4.129282535057406944e-01,3.931010886546381089e-01,8.700312136956661613e-01
