6.833252432340657379e-01,5.499624452374766159e-01,6.013072274109840798e-01,6.691486089328271269e-01,5.406324630969900902e-01,3.830439683013307506e-01
5.499624452374766159e-01,6.959283489717000837e-01,1.778339175035780206e-01,4.289869048846977062e-01,6.877945545868164867e-01,4.418056390002848000e-01
6.013072274109840798e-01,1.778339175035780206e-01,3.692758150422823515e-01,6.683233143031547252e-01,4.746229544236735820e-01,6.704092392788383314e-01
6.691486089328271269e-01,4.289869048846977062e-01,6.683233143031547252e-01,7.668445419686803488e-01,4.992673802923459081e-01,9.793097163633037727e-01
5.406324630969900902e-01,6.877945545868164867e-01,4.746229544236735820e-01,4.992673802923459081e-01,4.464020851535683843e-01,9.129805981001707371e-01
3.830439683013307506e-01,4.418056390002848000e-01,6.704092392788383314e-01,9.793097163633037727e-01,9.129805981001707371e-01,2.218151964695446177e-01
