8.427268706483329597e-01,3.713387780946609817e-01,6.706799031693666535e-01,4.041789556755474022e-01,2.805979791058809680e-01,5.983229330011344826e-01
3.713387780946609817e-01,1.186260925893384277e-01,2.229691246163963414e-01,5.623499254230912570e-01,2.426989368764420618e-01,2.045064739152323008e-01
6.706799031693666535e-01,2.229691246163963414e-01,8.259090121664247608e-01,4.072654109815590506e-01,1.050703801323883968e-01,7.700252420045891055e-01
4.041789556755474022e-01,5.623499254230912570e-01,4.072654109815590506e-01,2.226499177934169182e-01,7.630758841450628882e-01,5.847036299803565207e-01
2.805979791058809680e-01,2.426989368764420618e-01,1.050703801323883968e-01,7.630758841450628882e-01,6.879699598970494545e-01,4.138746278246792643e-01
5.983229330011344826e-01,2.045064739152323008e-01,7.700252420045891055e-01,5.847036299803565207e-01,4.138746278246792643e-01,3.672810744586099130e-01
