3.080414662886521437e-02,2.470247452157282031e-01,3.794070909429150817e-01,3.601490064062271568e-01,6.311391393744387734e-01,3.770320345155060981e-01
2.470247452157282031e-01,7.107832386730333907e-01,6.147257161590832242e-01,6.281990016598967275e-01,3.686057967661416912e-01,5.722162686393595932e-01
3.794070909429150817e-01,6.147257161590832242e-01,6.140583173593783251e-02,2.163609603511202351e-01,1.882125014313906775e-01,5.882085022244856187e-01
3.601490064062271568e-01,6.281990016598967275e-01,2.163609603511202351e-01,7.277372289717857212e-01,5.639098071830535019e-01,4.236467536220051011e-01
6.311391393744387734e-01,3.686057967661416912e-01,1.882125014313906775e-01,5.639098071830535019e-01,4.218907940965241909e-01,1.833593944908349371e-01
3.770320345155060981e-01,5.722162686393595932e-01,5.882085022244856187e-01,4.236467536220051011e-01,1.833593944908349371e-01,8.147009723867892905e-01
