8.653406498239399891e-01,4.130551284446706273e-01,4.471141952668540309e-01,3.577218599789079301e-01,3.180941003886139651e-01,5.083754982290999980e-01
4.130551284446706273e-01,5.326436288785955098e-01,3.785753083523068496e-01,6.557871659985452517e-01,5.446105035245747406e-01,1.861588171714829709e-01
4.471141952668540309e-01,3.785753083523068496e-01,9.819292919329846159e-01,7.528221207225810341e-02,1.907554664105258757e-01,4.718160833810495780e-01
3.577218599789079301e-01,6.557871659985452517e-01,7.528221207225810341e-02,1.287267688490605355e-01,4.606018616393652843e-01,3.116570982879854346e-01
3.180941003886139651e-01,5.446105035245747406e-01,1.907554664105258757e-01,4.606018616393652843e-01,8.673567416259542195e-01,4.953615089269615135e-01
5.083754982290999980e-01,1.861588171714829709e-01,4.718160833810495780e-01,3.116570982879854346e-01,4.953615089269615135e-01,1.744443503288417574e-01
