3.428556734875186640e-01,4.633748495170531556e-01,4.885177474488444083e-01,7.170564522482965053e-01,6.118477771378745267e-01,5.083024673204450394e-01
4.633748495170531556e-01,5.101253608987854626e-02,2.272770008168964462e-01,3.055349241249388226e-01,2.896044983146768281e-01,5.151277743833957423e-01
4.885177474488444083e-01,2.272770008168964462e-01,2.782329542372424802e-01,6.120495949975257588e-01,2.201790864721165364e-01,4.755936293370152668e-01
7.170564522482965053e-01,3.055349241249388226e-01,6.120495949975257588e-01,1.082529828552091233e-01,4.101753610420870721e-01,5.549491987904762169e-01
6.118477771378745267e-01,2.896044983146768281e-01,2.201790864721165364e-01,4.101753610420870721e-01,4.523530013446218634e-01,2.177237395199142500e-01
5.083024673204450394e-01,5.151277743833957423e-01,4.755936293370152668e-01,5.549491987904762169e-01,2.177237395199142500e-01,9.322674818552803000e-01
