5.775467970918394256e-01,6.652753246268006126e-01,3.693462585025762412e-01,3.804678300794793189e-01,4.550645880691521206e-01,6.373872038386687588e-01
6.652753246268006126e-01,4.504030385017759874e-01,6.422008048875971209e-01,8.657006139819523050e-01,4.986482986799279926e-01,2.407335929638438343e-01
3.693462585025762412e-01,6.422008048875971209e-01,8.957531117948557275e-01,4.180789491179788819e-01,4.106440308256899541e-01,2.251842078079461240e-01
3.804678300794793189e-01,8.657006139819523050e-01,4.180789491179788819e-01,6.382130617303267694e-01,6.245593405723820490e-01,3.376752291381019400e-01
4.550645880691521206e-01,4.986482986799279926e-01,4.106440308256899541e-01,6.245593405723820490e-01,9.918437191234702466e-01,9.396340567557444068e-01
6.373872038386687588e-01,2.407335929638438343e-01,2.251842078079461240e-01,3.376752291381019400e-01,9.396340567557444068e-01,7.061286935838048118e-01
