6.339982449512313600e-01,9.773551729080705019e-01,5.623857619503429550e-01,7.728588103450693136e-01,2.255905221827604890e-01,2.171627962245236687e-01,5.400854332282085668e-01
9.773551729080705019e-01,7.889721860422108657e-01,5.070491538986219293e-01,7.542654752553336062e-01,4.519985394325513051e-01,3.712129540918995274e-01,4.423608300137482630e-01
5.623857619503429550e-01,5.070491538986219293e-01,2.834193457863175558e-01,7.701129248618922007e-01,2.676117851761610211e-01,6.192838300484753145e-01,6.159374892619089437e-01
7.728588103450693136e-01,7.542654752553336062e-01,7.701129248618922007e-01,1.630312869599085390e-01,2.031858102160805091e-01,3.703227356877054621e-01,5.029045534067739798e-01
2.255905221827604890e-01,4.519985394325513051e-01,2.676117851761610211e-01,2.031858102160805091e-01,2.855178035291585648e-01,1.718206902802032476e-01,6.790430648347306475e-01
2.171627962245236687e-01,3.712129540918995274e-01,6.192838300484753145e-01,3.703227356877054621e-01,1.718206902802032476e-01,3.521184592994957008e-01,7.563921764983561058e-01
5.400854332282085668e-01,4.423608300137482630e-01,6.159374892619089437e-01,5.029045534067739798e-01,6.790430648347306475e-01,7.563921764983561058e-01,5.588277359068452022e-01
