2.727308765690260595e-01,5.484815063842576333e-01,5.069808888181248641e-01,3.195819152345866776e-01,6.045039478271045930e-01,5.010302526185490546e-01,3.171813383308912937e-01
5.484815063842576333e-01,7.459577809138203675e-01,3.636543735071458006e-01,3.229615143304080394e-01,5.200635820651570151e-01,6.941841480364154826e-01,5.892069141671754107e-01
5.069808888181248641e-01,3.636543735071458006e-01,7.649087789122877012e-01,5.151562632268482655e-01,2.839237577754669117e-01,3.188651538917612327e-01,8.418959770702443279e-01
3.195819152345866776e-01,3.229615143304080394e-01,5.151562632268482655e-01,1.463281940869598508e-02,4.284758324164840704e-01,1.961570132236143404e-01,3.790230821217471235e-01
6.045039478271045930e-01,5.200635820651570151e-01,2.839237577754669117e-01,4.284758324164840704e-01,8.115222705160959338e-01,4.734727456749663888e-01,3.298970161434652826e-01
5.010302526185490546e-01,6.941841480364154826e-01,3.188651538917612327e-01,1.961570132236143404e-01,4.734727456749663888e-01,2.226653841033288117e-02,2.429070365039432411e-01
3.171813383308912937e-01,5.892069141671754107e-01,8.418959770702443279e-01,3.790230821217471235e-01,3.298970161434652826e-01,2.429070365039432411e-01,8.352182092199955665e-01
