1.402157498449051465e-01,4.118359319886894521e-01,1.035559592796002071e-01,3.776477434317307424e-01,6.869834971697772463e-01,3.793707475625849312e-01
4.118359319886894521e-01,7.783831047450595619e-01,2.296358409969995185e-01,7.795970431911334320e-01,5.173818194355508382e-01,3.629187284920297740e-01
1.035559592796002071e-01,2.296358409969995185e-01,3.854244910453251682e-01,8.217921769202440885e-01,3.147458688800477411e-01,5.833507636750159264e-01
3.776477434317307424e-01,7.795970431911334320e-01,8.217921769202440885e-01,8.808995532425006880e-01,3.693918525899488881e-01,3.058884857757681042e-01
6.869834971697772463e-01,5.173818194355508382e-01,3.147458688800477411e-01,3.693918525899488881e-01,4.030160587823117257e-02,6.254521697470185604e-01
3.793707475625849312e-01,3.629187284920297740e-01,5.833507636750159264e-01,3.058884857757681042e-01,6.254521697470185604e-01,7.467674067115243064e-01
