2.547133051036575280e-01,7.225511532473845033e-01,9.312660295521768550e-01,3.640092328672932531e-01,5.097715157989201051e-01,3.103457966714950889e-01
7.225511532473845033e-01,2.966919180266550660e-01,9.049544974145901088e-02,1.856059351723777229e-01,8.011191184183577008e-01,7.721555244166011800e-01
9.312660295521768550e-01,9.049544974145901088e-02,1.325038563035214612e-01,4.886669237359940743e-01,6.363921650315967904e-01,6.744855888670719946e-01
3.640092328672932531e-01,1.856059351723777229e-01,4.886669237359940743e-01,5.910305868132021967e-01,7.337178553083437693e-01,3.445320898627068917e-01
5.097715157989201051e-01,8.011191184183577008e-01,6.363921650315967904e-01,7.337178553083437693e-01,7.469117040082985381e-01,1.008338060858447460e-01
3.103457966714950889e-01,7.721555244166011800e-01,6.744855888670719946e-01,3.445320898627068917e-01,1.008338060858447460e-01,8.293640466738174677e-01
