7.169998486832663831e-01,3.754300275734311909e-01,9.284164943290571514e-01,6.434495715298523821e-01,2.398112722291230736e-01,2.961725666429612658e-01
3.754300275734311909e-01,4.729036585662732550e-01,1.241120419594982094e-01,6.148067114185484794e-02,7.039294698546920692e-01,7.842068699529949338e-01
9.284164943290571514e-01,1.241120419594982094e-01,1.630372402892323880e-01,5.342925776542271077e-01,9.602228920077970908e-02,8.120567626525264648e-01
6.434495715298523821e-01,6.148067114185484794e-02,5.342925776542271077e-01,4.892986915585706420e-03,5.579602438312043500e-01,2.758264427684885556e-01
2.398112722291230736e-01,7.039294698546920692e-01,9.602228920077970908e-02,5.579602438312043500e-01,3.135484538110352437e-01,4.232788707795519523e-01
2.961725666429612658e-01,7.842068699529949338e-01,8.120567626525264648e-01,2.758264427684885556e-01,4.232788707795519523e-01,4.813277519514520542e-01
