4.726498851662774836e-02,3.167850076159051120e-01,8.563491320008764784e-01,4.762771951631611378e-01,3.455278719528221409e-01,4.808464334414351282e-01,5.951711799432111150e-01
3.167850076159051120e-01,9.604845835935080789e-01,7.798343230267330561e-01,5.052995338998602648e-01,2.226914046487964982e-01,4.006249244896629702e-01,5.528373409736143662e-01
8.563491320008764784e-01,7.798343230267330561e-01,2.061232737538764015e-01,7.561737853672998444e-01,6.603252554970973076e-01,3.368222016825843101e-01,4.695884984462403433e-01
4.762771951631611378e-01,5.052995338998602648e-01,7.561737853672998444e-01,2.641437364272530841e-01,5.397551956482309343e-01,7.332254643787814441e-01,2.719824888264280038e-01
3.455278719528221409e-01,2.226914046487964982e-01,6.603252554970973076e-01,5.397551956482309343e-01,8.943926863502960067e-02,4.963365225512246792e-01,4.530603470891584328e-01
4.808464334414351282e-01,4.006249244896629702e-01,3.368222016825843101e-01,7.332254643787814441e-01,4.963365225512246792e-01,3.073166386825875174e-01,2.472582375333490790e-01
5.951711799432111150e-01,5.528373409736143662e-01,4.695884984462403433e-01,2.719824888264280038e-01,4.530603470891584328e-01,2.472582375333490790e-01,9.774565310361343906e-01
