8.943079062501607668e-01,6.295391058227806091e-01,2.513618768057311881e-01,4.426732591101397163e-01,6.132413947853918579e-01,4.461396728077743901e-01
6.295391058227806091e-01,1.700162569316437944e-01,7.415090759195130943e-01,5.552617608216374734e-01,8.838576614793479669e-01,1.466923293160510289e-01
2.513618768057311881e-01,7.415090759195130943e-01,2.590083542783920834e-01,6.766940926019090474e-01,4.060431410906893412e-01,1.950366820588135819e-01
4.426732591101397163e-01,5.552617608216374734e-01,6.766940926019090474e-01,1.986291784060956189e-02,5.433831775851984958e-01,7.063116020290999275e-01
6.132413947853918579e-01,8.838576614793479669e-01,4.060431410906893412e-01,5.433831775851984958e-01,1.167569527171162802e-01,5.773069540036888103e-01
4.461396728077743901e-01,1.466923293160510289e-01,1.950366820588135819e-01,7.063116020290999275e-01,5.773069540036888103e-01,5.966393496606819946e-01
