8.549457453349517122e-01,7.146821806419690892e-01,5.379624648441251322e-01,4.581393863005322475e-01,4.196012514236099888e-01,6.192353306838493943e-01
7.146821806419690892e-01,7.681109818425692071e-01,6.614200680330790671e-01,5.275168735039621470e-01,5.457294863281593189e-01,4.313677369367625025e-01
5.379624648441251322e-01,6.614200680330790671e-01,6.009301026231623766e-01,8.531922079166089912e-01,6.183191615958422149e-01,4.305789147003080686e-01
4.581393863005322475e-01,5.275168735039621470e-01,8.531922079166089912e-01,6.942896223195027527e-02,6.166546825296297385e-01,9.029478735265741296e-01
4.196012514236099888e-01,5.457294863281593189e-01,6.183191615958422149e-01,6.166546825296297385e-01,5.614318847439715432e-01,4.084465918147711649e-02
6.192353306838493943e-01,4.313677369367625025e-01,4.305789147003080686e-01,9.029478735265741296e-01,4.084465918147711649e-02,4.243103600740444348e-01
