2.262487515253615022e-01,3.841551486837808671e-01,6.828045012071630726e-01,1.821357260157799307e-01,6.678132344523517450e-01,3.277337904310634320e-01
3.841551486837808671e-01,8.245368499912232307e-01,3.448061132235527571e-01,7.597084721367046711e-01,2.498673311010628506e-01,4.246306360826215820e-01
6.828045012071630726e-01,3.448061132235527571e-01,3.022954960629608001e-01,2.127665374409566379e-01,2.769179325395606517e-01,9.035257253297556135e-01
1.821357260157799307e-01,7.597084721367046711e-01,2.127665374409566379e-01,7.719368405320851112e-01,8.119254541316645035e-01,4.867080044951107576e-01
6.678132344523517450e-01,2.498673311010628506e-01,2.769179325395606517e-01,8.119254541316645035e-01,3.867368865491045415e-01,4.029625230780576883e-01
3.277337904310634320e-01,4.246306360826215820e-01,9.035257253297556135e-01,4.867080044951107576e-01,4.029625230780576883e-01,7.233069749610955279e-01
