7.872113261203544932e-01,6.567976593385796980e-01,6.936631543314635273e-01,2.759823804507107736e-01,4.137949331652443496e-01,7.196762490127388556e-01
6.567976593385796980e-01,8.096246534186724020e-02,3.683281866402207672e-01,2.792709038631622231e-01,5.825641996186985416e-01,2.133792267935697429e-01
6.936631543314635273e-01,3.683281866402207672e-01,5.547478016584417304e-02,2.983330783062173031e-01,7.797055505315427792e-01,3.979318791991171556e-01
2.759823804507107736e-01,2.792709038631622231e-01,2.983330783062173031e-01,5.086315918713678608e-01,4.746175662869154821e-01,3.145931130964257916e-01
4.137949331652443496e-01,5.825641996186985416e-01,7.797055505315427792e-01,4.746175662869154821e-01,3.274957310887970374e-01,4.793629619448459001e-01
7.196762490127388556e-01,2.133792267935697429e-01,3.979318791991171556e-01,3.145931130964257916e-01,4.793629619448459001e-01,3.395366467077398642e-02
