8.207338343784935653e-01,4.358790806287975439e-01,4.183159606552744880e-01,4.588175996422320102e-01,9.094504655795351278e-01,9.104763012654952803e-01
4.358790806287975439e-01,5.971740343313175492e-01,6.215803919123510379e-01,4.178526914013692695e-01,2.677479828395897821e-01,6.691619491041032042e-01
4.183159606552744880e-01,6.215803919123510379e-01,8.105700541968533512e-01,3.650226040998729715e-01,8.636808039382958269e-01,7.639130401135949544e-01
4.588175996422320102e-01,4.178526914013692695e-01,3.650226040998729715e-01,4.172805003540543956e-01,7.325180169563765276e-01,4.943736941984862576e-01
9.094504655795351278e-01,2.677479828395897821e-01,8.636808039382958269e-01,7.325180169563765276e-01,3.764539676711309291e-03,6.311324355344432036e-01
9.104763012654952803e-01,6.691619491041032042e-01,7.639130401135949544e-01,4.943736941984862576e-01,6.311324355344432036e-01,7.120036279910145760e-01
