8.538273582479952717e-01,4.782138947488359659e-01,6.164600447393604465e-01,8.332123455269335732e-01,4.745915602977723857e-01,6.709004809634380173e-01
4.782138947488359659e-01,6.348681833581476530e-01,2.840778055449235118e-01,6.058133419143358900e-01,2.301345929170899862e-01,4.416293608680313398e-01
6.164600447393604465e-01,2.840778055449235118e-01,6.320391966667315842e-01,4.277722040143215332e-01,6.494693014338551729e-01,4.155464557227081523e-01
8.332123455269335732e-01,6.058133419143358900e-01,4.277722040143215332e-01,2.973970533521571591e-01,5.836437223604125091e-01,2.165042848492298444e-01
4.745915602977723857e-01,2.301345929170899862e-01,6.494693014338551729e-01,5.836437223604125091e-01,5.637366992202421656e-01,6.775667164280966270e-01
6.709004809634380173e-01,4.416293608680313398e-01,4.155464557227081523e-01,2.165042848492298444e-01,6.775667164280966270e-01,5.841062449951117674e-01
