9.810295189659059556e-01,5.561651983196778115e-01,4.208682287217273554e-01,7.982774620273274113e-01,7.559297060354286391e-02,7.408516524587163143e-01
5.561651983196778115e-01,3.007057071010669214e-01,4.533084618353359629e-01,5.335854733836157271e-01,7.880802588355543259e-01,2.104041831339085178e-01
4.208682287217273554e-01,4.533084618353359629e-01,4.961689696248344772e-01,5.440632485192357093e-01,5.783770783727150144e-01,4.342238840789232612e-01
7.982774620273274113e-01,5.335854733836157271e-01,5.440632485192357093e-01,3.778333483333284892e-02,2.344622308808685385e-01,4.911264590473928826e-01
7.559297060354286391e-02,7.880802588355543259e-01,5.783770783727150144e-01,2.344622308808685385e-01,4.653890758580108145e-01,5.369780727773380002e-01
7.408516524587163143e-01,2.104041831339085178e-01,4.342238840789232612e-01,4.911264590473928826e-01,5.369780727773380002e-01,8.517278024578294193e-01
