3.962163783089491798e-01,4.936173482527572154e-01,4.523115975411830525e-01,8.796928467308142707e-01,5.160200071352682993e-01,6.798033813242156942e-01
4.936173482527572154e-01,8.025821666705543755e-01,7.358841523253114580e-01,3.047598391426667441e-01,4.492217026610473285e-01,7.853654539581057525e-01
4.523115975411830525e-01,7.358841523253114580e-01,8.899126054169264055e-01,5.572709055187997640e-01,8.915171852703416278e-01,2.509167865354142712e-01
8.796928467308142707e-01,3.047598391426667441e-01,5.572709055187997640e-01,2.453031618768262145e-01,5.521289171879129043e-01,3.243259084965906536e-01
5.160200071352682993e-01,4.492217026610473285e-01,8.915171852703416278e-01,5.521289171879129043e-01,4.268206992338960948e-01,7.842684784382887297e-01
6.798033813242156942e-01,7.853654539581057525e-01,2.509167865354142712e-01,3.243259084965906536e-01,7.842684784382887297e-01,5.536946829007910464e-01
