2.702180612394655679e-02,1.512550088770645562e-01,2.996035297788101071e-01,6.116135219999213612e-01,9.314122983709497428e-01,6.603324827712486744e-01
1.512550088770645562e-01,7.661707439024184607e-01,3.931394484408870516e-01,6.570783355966687278e-01,4.833911122130510885e-01,3.966049635482506996e-01
2.996035297788101071e-01,3.931394484408870516e-01,7.631994179144141466e-02,3.820822917105282102e-01,4.106786126671040371e-01,3.396358834641047819e-01
6.116135219999213612e-01,6.570783355966687278e-01,3.820822917105282102e-01,3.192034962703979017e-01,1.029360910714832711e-01,1.387272771138264860e-01
9.314122983709497428e-01,4.833911122130510885e-01,4.106786126671040371e-01,1.029360910714832711e-01,4.301659677543624438e-01,2.034765432360353121e-01
6.603324827712486744e-01,3.966049635482506996e-01,3.396358834641047819e-01,1.387272771138264860e-01,2.034765432360353121e-01,8.289694912253143810e-01
