7.906273468491152867e-01,6.706519941254076578e-01,9.139982902003742637e-01,7.676529655976582767e-01,5.873436785840913110e-01,3.907916172228321772e-01
6.706519941254076578e-01,4.354567671475920720e-01,4.346461849989153303e-01,4.860304175676863903e-01,2.175011928559574259e-01,4.939266636259498910e-01
9.139982902003742637e-01,4.346461849989153303e-01,7.500693716305401049e-01,7.452233905375240663e-01,8.671710624410648993e-01,2.359416951729700895e-01
7.676529655976582767e-01,4.860304175676863903e-01,7.452233905375240663e-01,9.856102709750439450e-01,4.876052290981445769e-01,5.497588726752118404e-01
5.873436785840913110e-01,2.175011928559574259e-01,8.671710624410648993e-01,4.876052290981445769e-01,6.128100258091766506e-01,5.430810710611662095e-01
3.907916172228321772e-01,4.939266636259498910e-01,2.359416951729700895e-01,5.497588726752118404e-01,5.430810710611662095e-01,9.454393748490195204e-01
