9.639685704076398354e-01,5.807386530493640064e-01,8.690737210114803935e-01,1.740564645568165592e-01,2.893559176235737107e-01,7.671319665775896413e-01
5.807386530493640064e-01,1.343276180758287142e-01,5.881818746224046768e-01,2.356495706713186422e-01,1.254556997905942883e-01,3.300553563989322980e-01
8.690737210114803935e-01,5.881818746224046768e-01,4.026926726554003189e-02,3.542018739709160702e-01,9.409966189043411644e-02,5.143655534647293415e-01
1.740564645568165592e-01,2.356495706713186422e-01,3.542018739709160702e-01,3.055721431892030049e-01,7.704377192446683065e-01,4.459748153201404941e-01
2.893559176235737107e-01,1.254556997905942883e-01,9.409966189043411644e-02,7.704377192446683065e-01,6.408815783552682666e-01,4.986847054462499318e-01
7.671319665775896413e-01,3.300553563989322980e-01,5.143655534647293415e-01,4.459748153201404941e-01,4.986847054462499318e-01,8.979547691044057478e-01
