6.674225654656418261e-02,5.506731905816464323e-01,9.698474913328725133e-01,5.500026152179091632e-01,1.214602828497442499e-01,7.228433840610518635e-01
5.506731905816464323e-01,6.193879993724894506e-01,8.023867655572887170e-01,8.155125861599448189e-01,5.573338823623990024e-01,9.178488896491632243e-02
9.698474913328725133e-01,8.023867655572887170e-01,9.816848282662699043e-01,5.116143172279461471e-01,6.742739059232287779e-01,3.357197555121262389e-01
5.500026152179091632e-01,8.155125861599448189e-01,5.116143172279461471e-01,4.794374655867210677e-01,5.290325093255727751e-01,8.325908827965009529e-01
1.214602828497442499e-01,5.573338823623990024e-01,6.742739059232287779e-01,5.290325093255727751e-01,8.355088919873869813e-01,5.587759362910041938e-01
7.228433840610518635e-01,9.178488896491632243e-02,3.357197555121262389e-01,8.325908827965009529e-01,5.587759362910041938e-01,3.659331654511350784e-01
