2.661548594986201666e-01,6.652374769813252930e-01,3.308938348711626953e-01,8.018973207786878055e-01,5.002994821562343208e-01,5.795043551762784073e-01
6.652374769813252930e-01,8.801739624482933788e-01,4.319124046176469056e-01,4.116854200399931440e-01,6.201240792270683588e-01,4.366856121731841900e-01
3.308938348711626953e-01,4.319124046176469056e-01,6.117628055363060202e-01,4.539506045806212531e-01,1.254039651760537333e-01,8.285424882874141694e-01
8.018973207786878055e-01,4.116854200399931440e-01,4.539506045806212531e-01,2.370864937496861558e-01,2.698092367472496589e-01,5.079909234539875529e-01
5.002994821562343208e-01,6.201240792270683588e-01,1.254039651760537333e-01,2.698092367472496589e-01,7.352672855336778168e-01,6.481897717056039898e-01
5.795043551762784073e-01,4.366856121731841900e-01,8.285424882874141694e-01,5.079909234539875529e-01,6.481897717056039898e-01,6.759725502621554138e-01
