7.207656186534505682e-01,3.879706350302298823e-01,5.042026974652025206e-01,3.302841448368839528e-01,4.697976745084109229e-01,2.330748712307736392e-01
3.879706350302298823e-01,1.804339642434449331e-01,4.462506529453323934e-01,1.960107777337763979e-01,8.319677063800663408e-01,6.222625279879232529e-01
5.042026974652025206e-01,4.462506529453323934e-01,4.098635592369523906e-01,4.703032232778962540e-01,3.100051227684236244e-01,2.247950497850361717e-01
3.302841448368839528e-01,1.960107777337763979e-01,4.703032232778962540e-01,8.065759867171627961e-01,6.403577139216078962e-01,3.381836698894495341e-01
4.697976745084109229e-01,8.319677063800663408e-01,3.100051227684236244e-01,6.403577139216078962e-01,4.825707185498226970e-01,9.190601233463362441e-01
2.330748712307736392e-01,6.222625279879232529e-01,2.247950497850361717e-01,3.381836698894495341e-01,9.190601233463362441e-01,5.337805378505807719e-01
