7.419210874991374327e-01,6.942369744411273080e-01,3.967627724739739570e-01,3.800040172580815279e-01,6.805961559373743253e-01,3.975932743417701087e-01
6.942369744411273080e-01,6.756385895343373083e-01,6.649136161030917425e-01,4.489310834031590147e-01,5.076778252370262035e-01,7.673363515889037867e-01
3.967627724739739570e-01,6.649136161030917425e-01,4.391176410139685515e-01,4.904495214628820654e-01,3.961821825031105471e-01,3.160310834175202310e-01
3.800040172580815279e-01,4.489310834031590147e-01,4.904495214628820654e-01,3.497218910868438169e-01,3.059728201114200186e-01,6.355846863472509600e-01
6.805961559373743253e-01,5.076778252370262035e-01,3.961821825031105471e-01,3.059728201114200186e-01,3.694599375514934225e-01,6.165208571954521322e-01
3.975932743417701087e-01,7.673363515889037867e-01,3.160310834175202310e-01,6.355846863472509600e-01,6.165208571954521322e-01,3.569831290853181516e-01
