2.485840945046737804e-01,5.704416916921210001e-01,4.249281178301580475e-01,4.031785182906008624e-01,6.835786273721691231e-01,2.219882793919124020e-01
5.704416916921210001e-01,1.373462741193876013e-01,7.773463969605616253e-01,7.338443447870419689e-01,3.202171705501655197e-01,6.531674471277885141e-01
4.249281178301580475e-01,7.773463969605616253e-01,6.875662513602971426e-01,7.035179024178774831e-01,3.325629576287731926e-01,2.049704387160680152e-01
4.031785182906008624e-01,7.338443447870419689e-01,7.035179024178774831e-01,4.650699940227330798e-01,8.238137841898024449e-01,2.844341311971694819e-01
6.835786273721691231e-01,3.202171705501655197e-01,3.325629576287731926e-01,8.238137841898024449e-01,9.535837969564412431e-01,1.144364487230239424e-01
2.219882793919124020e-01,6.531674471277885141e-01,2.049704387160680152e-01,2.844341311971694819e-01,1.144364487230239424e-01,4.827777172604782452e-01
