5.162944746356230574e-01,5.523665162871922441e-01,4.159934587087310565e-01,6.839158347758270695e-01,5.635329805887139276e-01,9.583626571428682794e-01,9.198413352710388402e-02
5.523665162871922441e-01,9.996040396780304649e-01,1.814252874796378756e-01,9.502737560780877279e-01,3.552779754795968303e-01,4.691798331086477480e-01,9.383187192897138873e-01
4.159934587087310565e-01,1.814252874796378756e-01,3.038899848606677612e-01,4.465934747912082559e-01,8.844589963417509582e-02,5.463530953149380309e-01,3.884282862434323969e-01
6.839158347758270695e-01,9.502737560780877279e-01,4.465934747912082559e-01,7.174493349245794072e-01,5.393581760446086726e-01,4.933132955545377896e-01,6.892015098282899821e-01
5.635329805887139276e-01,3.552779754795968303e-01,8.844589963417509582e-02,5.393581760446086726e-01,9.444078876300049386e-01,6.244655894485737768e-01,8.595628998078392868e-01
9.583626571428682794e-01,4.691798331086477480e-01,5.463530953149380309e-01,4.933132955545377896e-01,6.244655894485737768e-01,9.927979905111982140e-01,3.014682574738308252e-01
9.198413352710388402e-02,9.383187192897138873e-01,3.884282862434323969e-01,6.892015098282899821e-01,8.595628998078392868e-01,3.014682574738308252e-01,4.359330578102276199e-01
