8.639517237556484375e-01,6.397973319362514344e-01,8.030607729474401602e-01,3.812819789019393779e-01,7.392684105228974900e-01,4.843495285655162741e-01
6.397973319362514344e-01,9.273441078328209519e-01,5.398332684599966846e-01,1.741195402515885449e-01,8.039563537710117114e-01,3.118115106715493301e-01
8.030607729474401602e-01,5.398332684599966846e-01,9.464794463776438072e-02,2.507956834006822566e-01,6.172742714291119537e-01,4.355665245287698717e-01
3.812819789019393779e-01,1.741195402515885449e-01,2.507956834006822566e-01,3.675548008411315681e-01,3.658914432551803597e-01,2.601193322580470646e-01
7.392684105228974900e-01,8.039563537710117114e-01,6.172742714291119537e-01,3.658914432551803597e-01,1.309857578661255406e-01,2.342627900232088223e-01
4.843495285655162741e-01,3.118115106715493301e-01,4.355665245287698717e-01,2.601193322580470646e-01,2.342627900232088223e-01,3.526280694402770255e-01
