2.237489519876640909e-01,4.989161604020216911e-01,2.047955295618992810e-01,3.176228679363203855e-01,6.189415920339806920e-01,3.702769839923248929e-01
4.989161604020216911e-01,9.986924806848760383e-01,4.668338568870520344e-01,4.493399567991498422e-01,6.360320212825585351e-01,4.216549580195461111e-01
2.047955295618992810e-01,4.668338568870520344e-01,7.767084352900105459e-01,2.906687319559204674e-01,7.710861176540653172e-01,1.013345268467925608e-01
3.176228679363203855e-01,4.493399567991498422e-01,2.906687319559204674e-01,3.543108310918327009e-01,7.748695770374240954e-01,4.528282471174971402e-01
6.189415920339806920e-01,6.360320212825585351e-01,7.710861176540653172e-01,7.748695770374240954e-01,8.664069523089479308e-01,3.308241021519150449e-01
3.702769839923248929e-01,4.216549580195461111e-01,1.013345268467925608e-01,4.528282471174971402e-01,3.308241021519150449e-01,5.181881764325291240e-02
