4.150066942755036292e-01,5.034293001079206409e-01,4.968002511641053665e-01,4.093823111723691732e-01,2.407572301720852237e-01,4.054043710610991669e-01
5.034293001079206409e-01,4.407440648969693786e-01,6.020803031634677227e-01,1.615894337361301059e-01,9.225945896392107048e-01,8.032112588317853463e-01
4.968002511641053665e-01,6.020803031634677227e-01,6.897411287086998577e-01,2.922128756235531366e-01,3.432444428357739885e-01,2.907013900221824265e-01
4.093823111723691732e-01,1.615894337361301059e-01,2.922128756235531366e-01,1.693174810082415105e-01,4.411105445173502670e-01,5.267731790853340534e-01
2.407572301720852237e-01,9.225945896392107048e-01,3.432444428357739885e-01,4.411105445173502670e-01,1.440648638183177344e-01,2.100589215907494589e-01
4.054043710610991669e-01,8.032112588317853463e-01,2.907013900221824265e-01,5.267731790853340534e-01,2.100589215907494589e-01,4.575307769838703464e-01
