9.918287410695107997e-01,1.976906007064394566e-01,8.469079747420303894e-01,4.174715230501464536e-01,6.285669465886047913e-01,3.891677447498678721e-01
1.976906007064394566e-01,3.687838578424862401e-01,5.986601713136147085e-01,4.592610973988671685e-01,2.312238979084365043e-01,5.682195448725477771e-01
8.469079747420303894e-01,5.986601713136147085e-01,8.067979271522948137e-01,2.437347713421503248e-01,4.519454334758897796e-01,4.618700773492916412e-01
4.174715230501464536e-01,4.592610973988671685e-01,2.437347713421503248e-01,1.346714304928846584e-01,5.267266462664705884e-01,4.484739074895087718e-01
6.285669465886047913e-01,2.312238979084365043e-01,4.519454334758897796e-01,5.267266462664705884e-01,8.867009041065111452e-01,7.672963521113906893e-03
3.891677447498678721e-01,5.682195448725477771e-01,4.618700773492916412e-01,4.484739074895087718e-01,7.672963521113906893e-03,1.173197388374580541e-01
