4.387625270209236650e-01,4.362732123233678538e-01,1.126141350904964478e-01,3.288060284699816371e-01,9.384363083153232088e-01,4.128019009483281931e-01
4.362732123233678538e-01,2.841763853664092121e-01,7.076009972765076039e-01,7.145539180408790880e-01,7.282841426928572393e-01,4.317043354359118013e-01
1.126141350904964478e-01,7.076009972765076039e-01,3.864151710150451891e-01,5.479335613136646632e-01,5.564359997660235368e-01,5.822648547476757530e-01
3.288060284699816371e-01,7.145539180408790880e-01,5.479335613136646632e-01,4.101529315984708823e-02,4.456471924081488734e-01,4.783425068054099616e-01
9.384363083153232088e-01,7.282841426928572393e-01,5.564359997660235368e-01,4.456471924081488734e-01,7.220423771397067592e-01,5.692022016651880900e-01
4.128019009483281931e-01,4.317043354359118013e-01,5.822648547476757530e-01,4.783425068054099616e-01,5.692022016651880900e-01,9.105404540331411001e-01
