9.790877127392738632e-01,4.455383385250162864e-01,7.308612181217417625e-01,4.156774340473180507e-01,6.017649551966918198e-01,4.889853172601919540e-01
4.455383385250162864e-01,9.018831437182027733e-01,6.658289925514442320e-01,8.474805135718699312e-01,5.808099417185480506e-01,5.479815260509375285e-01
7.308612181217417625e-01,6.658289925514442320e-01,1.056708765491923829e-01,3.936402312177005314e-01,6.510555088785311417e-01,5.946661044905166005e-01
4.156774340473180507e-01,8.474805135718699312e-01,3.936402312177005314e-01,7.886529125394161621e-01,6.062009409979974839e-01,8.785692385272027005e-01
6.017649551966918198e-01,5.808099417185480506e-01,6.510555088785311417e-01,6.062009409979974839e-01,9.074901988498075278e-01,2.722398390413939273e-01
4.889853172601919540e-01,5.479815260509375285e-01,5.946661044905166005e-01,8.785692385272027005e-01,2.722398390413939273e-01,8.732865335381245764e-01
