6.870630072667422983e-01,2.294642197026385833e-01,9.481089658714410007e-01,2.624237335990509679e-01,4.157513792534290320e-01,2.547488360066689217e-01
2.294642197026385833e-01,3.411285925811587960e-01,4.119699633486998414e-01,4.424051280590719504e-01,3.944178156009402469e-01,5.649738519440883344e-01
9.481089658714410007e-01,4.119699633486998414e-01,5.836713162836253410e-01,4.449516074178498370e-01,3.856004122868257333e-01,7.332092250207538076e-01
2.624237335990509679e-01,4.424051280590719504e-01,4.449516074178498370e-01,3.200794077270870952e-01,5.504448468527141092e-01,7.555826648089865039e-01
4.157513792534290320e-01,3.944178156009402469e-01,3.856004122868257333e-01,5.504448468527141092e-01,7.635956735096948167e-01,2.278428954253479133e-01
2.547488360066689217e-01,5.649738519440883344e-01,7.332092250207538076e-01,7.555826648089865039e-01,2.278428954253479133e-01,7.359235801431140978e-01
