9.263397160918857010e-01,6.249013500986790870e-01,5.053383953447561083e-01,4.545521508709681191e-01,3.459096131568819010e-01,3.701196479367304115e-01,3.403107506662666482e-01
6.249013500986790870e-01,4.968966329795362347e-01,3.698031616974379876e-01,5.459925352084300521e-01,1.033475105708480668e-01,1.751643994015854577e-01,7.883276725502166293e-01
5.053383953447561083e-01,3.698031616974379876e-01,6.558085517374624418e-01,2.664948042566215869e-01,4.341683247872936136e-01,5.328805614987717210e-01,5.449745868899015244e-01
4.545521508709681191e-01,5.459925352084300521e-01,2.664948042566215869e-01,4.565465924893302718e-01,4.357134818962651313e-01,6.585028343260623807e-01,3.997741481039509548e-01
3.459096131568819010e-01,1.033475105708480668e-01,4.341683247872936136e-01,4.357134818962651313e-01,1.291004813530856055e-01,5.195648650762253462e-01,4.297674220455216521e-01
3.701196479367304115e-01,1.751643994015854577e-01,5.328805614987717210e-01,6.585028343260623807e-01,5.195648650762253462e-01,6.999743558560395096e-01,3.350653889736829871e-01
3.403107506662666482e-01,7.883276725502166293e-01,5.449745868899015244e-01,3.997741481039509548e-01,4.297674220455216521e-01,3.350653889736829871e-01,7.667494688651378398e-01
