9.854583536711006841e-01,5.490587462625540205e-01,1.275785586697049112e-01,6.477949131427984675e-01,2.712371412310619623e-01,8.113037163883746183e-02
5.490587462625540205e-01,9.009292417764620531e-01,6.204763047017904931e-01,3.821064763941485753e-01,5.032364879857168516e-01,4.857882575993189844e-01
1.275785586697049112e-01,6.204763047017904931e-01,5.458124115531182152e-01,5.351558282828809965e-01,8.353445619499704211e-01,6.094675905257502802e-01
6.477949131427984675e-01,3.821064763941485753e-01,5.351558282828809965e-01,5.718115687768565714e-01,3.488490859936260180e-01,6.777047639251354560e-01
2.712371412310619623e-01,5.032364879857168516e-01,8.353445619499704211e-01,3.488490859936260180e-01,1.184136531502433254e-02,4.773737839966498697e-01
8.113037163883746183e-02,4.857882575993189844e-01,6.094675905257502802e-01,6.777047639251354560e-01,4.773737839966498697e-01,5.160439155793976607e-01
