5.148024120841518947e-01,3.340935231167532771e-01,8.856048345017288881e-01,1.229501768905512105e-01,4.998077038467678701e-01,9.007267969954544373e-01
3.340935231167532771e-01,2.403617112748758222e-01,3.416908947060275370e-01,5.794185983060494705e-01,2.407334128119739125e-01,5.199233110664629454e-01
8.856048345017288881e-01,3.416908947060275370e-01,7.777856374932460293e-01,6.178210338053842232e-01,2.304252452882077362e-01,5.334326034573440012e-01
1.229501768905512105e-01,5.794185983060494705e-01,6.178210338053842232e-01,2.641531490200595966e-01,5.229745257910797251e-01,2.808484531597080225e-01
4.998077038467678701e-01,2.407334128119739125e-01,2.304252452882077362e-01,5.229745257910797251e-01,8.281840151970553121e-01,3.958243350535974314e-01
9.007267969954544373e-01,5.199233110664629454e-01,5.334326034573440012e-01,2.808484531597080225e-01,3.958243350535974314e-01,5.633006792348966840e-01
