8.372788368330803532e-01,5.763097950712545714e-01,6.999522954076788928e-01,2.795569661764248370e-01,5.886760084627072898e-01,1.264536331324818685e-01
5.763097950712545714e-01,7.204941248922021035e-01,7.122498488277015927e-01,5.876919524148419560e-01,3.783455492579744783e-01,6.884350161005279300e-01
6.999522954076788928e-01,7.122498488277015927e-01,3.228284450318696930e-02,5.905140817815368592e-01,4.191844411067313647e-01,2.833576481607376629e-01
2.795569661764248370e-01,5.876919524148419560e-01,5.905140817815368592e-01,1.702553155505152072e-01,5.153648795897169954e-01,5.248207699212461552e-01
5.886760084627072898e-01,3.783455492579744783e-01,4.191844411067313647e-01,5.153648795897169954e-01,6.296223256335774510e-01,7.433353067016252869e-01
1.264536331324818685e-01,6.884350161005279300e-01,2.833576481607376629e-01,5.248207699212461552e-01,7.433353067016252869e-01,1.313472968714409772e-01
