2.338487753576714567e-01,5.375154523778049587e-01,3.092744057898843546e-01,5.147296327421692075e-01,5.603730371958284273e-01,4.771412103889935419e-01,4.346112309199396395e-01
5.375154523778049587e-01,6.562858672160298834e-02,8.253374796970925908e-01,5.748154927178557028e-01,6.577867168380580054e-01,9.084040018522345772e-01,8.182956992526602136e-01
3.092744057898843546e-01,8.253374796970925908e-01,5.565161089993330146e-01,5.040388554236421292e-01,4.509960244589200640e-01,5.040363814029328315e-01,3.324992221716168150e-01
5.147296327421692075e-01,5.748154927178557028e-01,5.040388554236421292e-01,1.889224811480576527e-01,3.185687951478537450e-01,5.920117407019380718e-01,8.115893184628515389e-01
5.603730371958284273e-01,6.577867168380580054e-01,4.509960244589200640e-01,3.185687951478537450e-01,6.209772857095748888e-01,5.633876084679902974e-01,5.946355362093985741e-01
4.771412103889935419e-01,9.084040018522345772e-01,5.040363814029328315e-01,5.920117407019380718e-01,5.633876084679902974e-01,3.951872814527845890e-01,1.973011677431391053e-01
4.346112309199396395e-01,8.182956992526602136e-01,3.324992221716168150e-01,8.115893184628515389e-01,5.946355362093985741e-01,1.973011677431391053e-01,3.838238422588107213e-01
