1.919311270901420396e-01,3.838038515457853905e-01,5.512576637000294877e-01,6.913388252274206280e-01,4.906490002062247058e-01,6.969726565416718422e-01
3.838038515457853905e-01,9.144311079755416127e-01,5.777699149957125080e-01,1.530911618363489102e-01,9.195855808341918403e-01,7.830082030392391257e-01
5.512576637000294877e-01,5.777699149957125080e-01,6.674609904825254958e-01,5.741403394721996678e-01,7.222118260454379879e-01,7.141686402769777953e-01
6.913388252274206280e-01,1.530911618363489102e-01,5.741403394721996678e-01,1.910774394476374427e-01,7.476328291216476352e-01,2.329324644946376144e-01
4.906490002062247058e-01,9.195855808341918403e-01,7.222118260454379879e-01,7.476328291216476352e-01,4.104057714376075916e-01,2.725714418017080587e-01
6.969726565416718422e-01,7.830082030392391257e-01,7.141686402769777953e-01,2.329324644946376144e-01,2.725714418017080587e-01,3.795450555639057200e-02
