6.614530982168743689e-01,1.838645039798195713e-01,2.898621374934970962e-01,5.222023123993606575e-01,3.316954809710247476e-01,4.696918175628097547e-01,5.728467355219907242e-01
1.838645039798195713e-01,8.456788503541535773e-01,4.470531772592079567e-01,8.059352860877120328e-01,5.371519514356858371e-01,7.001355845376120435e-01,4.744049372785753560e-01
2.898621374934970962e-01,4.470531772592079567e-01,5.240834057786049049e-01,7.576007161353561781e-01,2.840513340959763822e-01,4.131128199914201882e-01,6.600717090211651872e-01
5.222023123993606575e-01,8.059352860877120328e-01,7.576007161353561781e-01,3.577490286482957194e-01,8.627221533472448911e-01,8.640705496353979775e-01,5.187947458263684197e-01
3.316954809710247476e-01,5.371519514356858371e-01,2.840513340959763822e-01,8.627221533472448911e-01,7.283504368664146522e-01,5.205272345472276019e-01,3.686439290334009300e-02
4.696918175628097547e-01,7.001355845376120435e-01,4.131128199914201882e-01,8.640705496353979775e-01,5.205272345472276019e-01,7.948625860567239965e-01,2.453265208444831424e-01
5.728467355219907242e-01,4.744049372785753560e-01,6.600717090211651872e-01,5.187947458263684197e-01,3.686439290334009300e-02,2.453265208444831424e-01,4.167430528544449064e-01
