8.147319266801580362e-01,4.699277494843213110e-01,7.034569205627443367e-01,6.286184394561310507e-01,1.317612141562141681e-01,7.087497118926118223e-01
4.699277494843213110e-01,6.404336970413381236e-01,8.392875222296778404e-01,4.759810808625678513e-01,4.540257126998906712e-01,7.497655515033145868e-01
7.034569205627443367e-01,8.392875222296778404e-01,9.952840138596962261e-01,4.670972879132341826e-01,3.238187839898938325e-01,6.744663124908819585e-01
6.286184394561310507e-01,4.759810808625678513e-01,4.670972879132341826e-01,1.504637871659124659e-01,8.571523230848685504e-01,8.322944262843436913e-01
1.317612141562141681e-01,4.540257126998906712e-01,3.238187839898938325e-01,8.571523230848685504e-01,1.258748169517825977e-01,3.853725122336559838e-01
7.087497118926118223e-01,7.497655515033145868e-01,6.744663124908819585e-01,8.322944262843436913e-01,3.853725122336559838e-01,7.468160730425458249e-01
