8.024772744300238125e-01,5.355435530716976533e-01,5.344299826485543470e-01,6.227764461642172344e-01,4.904666997325452527e-01,7.259397448213444903e-01
5.355435530716976533e-01,7.603929230456505373e-01,7.957680537448799107e-01,6.376940783008839819e-01,4.089392354416332420e-02,5.990663315510040832e-01
5.344299826485543470e-01,7.957680537448799107e-01,5.435076206738054250e-02,4.476659932380941953e-01,5.242754446506723287e-01,5.371612157529430664e-01
6.227764461642172344e-01,6.376940783008839819e-01,4.476659932380941953e-01,1.532571949007592860e-01,3.983784201289526927e-01,6.474129924302642891e-01
4.904666997325452527e-01,4.089392354416332420e-02,5.242754446506723287e-01,3.983784201289526927e-01,8.071644587962892858e-01,6.194519153057540528e-01
7.259397448213444903e-01,5.990663315510040832e-01,5.371612157529430664e-01,6.474129924302642891e-01,6.194519153057540528e-01,3.933145805779725279e-02
