4.511549800238434660e-02,2.482635915813413696e-01,5.371580724937813356e-01,7.903672182507257560e-01,5.623363656509323683e-01,4.562872863480869623e-01
2.482635915813413696e-01,6.157979904393870996e-01,5.265613195616292153e-01,5.779018068925638740e-01,2.076922603383438148e-01,5.822080309187974700e-01
5.371580724937813356e-01,5.265613195616292153e-01,7.832303185869974316e-01,3.818962045866561850e-01,2.542865930066811608e-01,5.245894795380151576e-01
7.903672182507257560e-01,5.779018068925638740e-01,3.818962045866561850e-01,9.761319486807605861e-01,5.879080095741482381e-01,5.957452841847659109e-01
5.623363656509323683e-01,2.076922603383438148e-01,2.542865930066811608e-01,5.879080095741482381e-01,2.305555694954126711e-01,1.759303579062595491e-01
4.562872863480869623e-01,5.822080309187974700e-01,5.245894795380151576e-01,5.957452841847659109e-01,1.759303579062595491e-01,6.898781948388186258e-01
