8.555407242892347774e-01,8.438844706589366806e-01,3.041654843803518471e-01,5.611684247161424777e-01,6.859337158555500746e-01,6.266062223757093985e-01
8.438844706589366806e-01,2.185131495258625378e-01,2.649663855271967017e-01,7.964824798937553130e-01,6.812654176659197480e-01,8.820580078405919622e-01
3.041654843803518471e-01,2.649663855271967017e-01,1.023585530077296690e-01,5.929841079343708410e-01,5.194879571729845713e-01,4.955966740644208723e-01
5.611684247161424777e-01,7.964824798937553130e-01,5.929841079343708410e-01,1.626258571148816445e-01,5.269308437646531562e-01,7.013394970728044076e-01
6.859337158555500746e-01,6.812654176659197480e-01,5.194879571729845713e-01,5.269308437646531562e-01,7.556297373924678595e-01,1.864555626327926707e-01
6.266062223757093985e-01,8.820580078405919622e-01,4.955966740644208723e-01,7.013394970728044076e-01,1.864555626327926707e-01,7.449455167557212931e-01
