2.789303246688915605e-01,5.329427175823229224e-01,4.124001922791187824e-01,2.114870502691524323e-01,3.611241933611147314e-01,3.268835712435496643e-01
5.329427175823229224e-01,4.900348658269416680e-01,7.456473553925287989e-01,2.273301532483698595e-01,7.521760741375411730e-01,2.788380046119541267e-01
4.124001922791187824e-01,7.456473553925287989e-01,9.951922494396344687e-01,6.813616257368624307e-01,3.656691821557384037e-01,5.516149632436235795e-01
2.114870502691524323e-01,2.273301532483698595e-01,6.813616257368624307e-01,1.527108217625519071e-01,9.092006860076236041e-01,5.514435047349842689e-01
3.611241933611147314e-01,7.521760741375411730e-01,3.656691821557384037e-01,9.092006860076236041e-01,4.364032636100466656e-01,4.262947422005075038e-01
3.268835712435496643e-01,2.788380046119541267e-01,5.516149632436235795e-01,5.514435047349842689e-01,4.262947422005075038e-01,8.324603786161103303e-01
