9.702066994538127709e-01,5.705978959454176547e-01,4.015396969803031180e-01,1.842759141064239103e-01,6.319555855236020925e-01,2.871154873166835708e-01
5.705978959454176547e-01,8.598026065084144465e-01,8.572919274539864132e-02,6.653991606078160093e-01,7.738157132514223990e-01,6.386171569909605550e-01
4.015396969803031180e-01,8.572919274539864132e-02,4.392101773160097533e-01,4.962178818612731912e-01,6.227962060904435049e-01,6.014598690573700335e-01
1.842759141064239103e-01,6.653991606078160093e-01,4.962178818612731912e-01,2.687461192487834438e-01,4.865075781340959526e-01,4.193163333420539263e-01
6.319555855236020925e-01,7.738157132514223990e-01,6.227962060904435049e-01,4.865075781340959526e-01,6.698972365282335195e-01,3.468587126235316287e-01
2.871154873166835708e-01,6.386171569909605550e-01,6.014598690573700335e-01,4.193163333420539263e-01,3.468587126235316287e-01,9.104997320263165106e-01
