5.431198577267342120e-01,7.452424992946939941e-01,8.347782334145228411e-01,5.538969726186091513e-01,9.449512386996994362e-02,4.267733177087942864e-01
7.452424992946939941e-01,4.371361581092643167e-01,7.034020567497603071e-01,6.281428197296166083e-01,2.215702846656933400e-01,8.213788885354325053e-01
8.347782334145228411e-01,7.034020567497603071e-01,7.607195373444924913e-01,5.324365975713956090e-01,3.723685084018377167e-01,4.945846505236436985e-01
5.538969726186091513e-01,6.281428197296166083e-01,5.324365975713956090e-01,5.264311330682007739e-01,4.248042340773435233e-01,5.663190393429389236e-01
9.449512386996994362e-02,2.215702846656933400e-01,3.723685084018377167e-01,4.248042340773435233e-01,7.056944719660614984e-01,8.385386913449098811e-01
4.267733177087942864e-01,8.213788885354325053e-01,4.945846505236436985e-01,5.663190393429389236e-01,8.385386913449098811e-01,3.907280970292701383e-01
