7.421089733218007023e-01,3.592934637268426212e-01,7.286336770525838613e-01,6.118653002276266406e-01,2.798791357571595584e-01,6.841361655125353103e-01
3.592934637268426212e-01,7.173050516811795285e-01,4.935859909193768269e-01,9.119188074767294871e-01,4.361646254848688953e-01,6.713633507230619690e-01
7.286336770525838613e-01,4.935859909193768269e-01,6.037511328794458176e-01,8.613090637179361408e-01,2.268077287944107456e-01,5.598270134067495629e-01
6.118653002276266406e-01,9.119188074767294871e-01,8.613090637179361408e-01,2.308043931700337614e-01,6.413689649136695703e-01,5.035317185883416702e-01
2.798791357571595584e-01,4.361646254848688953e-01,2.268077287944107456e-01,6.413689649136695703e-01,6.911604635732185864e-01,8.451301985539034778e-01
6.841361655125353103e-01,6.713633507230619690e-01,5.598270134067495629e-01,5.035317185883416702e-01,8.451301985539034778e-01,9.667599172492273851e-01
