2.236905683604731854e-01,4.516547923438742895e-01,6.148158028195815916e-02,5.838618041271727011e-01,4.299970561189360163e-01,5.716917150935445502e-01
4.516547923438742895e-01,9.265275504240829685e-01,3.385059615028748192e-01,7.958061693794424851e-01,5.809313896031034208e-01,4.552559726665763584e-01
6.148158028195815916e-02,3.385059615028748192e-01,3.461909514270644639e-02,3.740071755710254742e-01,6.149234769480474982e-01,2.159150885151710497e-01
5.838618041271727011e-01,7.958061693794424851e-01,3.740071755710254742e-01,1.160026419274051701e-01,7.210928789710981945e-01,1.761890209899580340e-01
4.299970561189360163e-01,5.809313896031034208e-01,6.149234769480474982e-01,7.210928789710981945e-01,1.005643384957580766e-01,2.939380298668834990e-01
5.716917150935445502e-01,4.552559726665763584e-01,2.159150885151710497e-01,1.761890209899580340e-01,2.939380298668834990e-01,6.972151832353062906e-01
