7.332697320264933705e-01,8.668503689741693385e-01,8.902604919295714625e-01,5.168338586488093744e-01,4.068838391017534639e-01,7.948522612818129662e-01
8.668503689741693385e-01,3.298498900292380354e-01,1.230407407557622679e-01,1.935360114067070092e-01,5.821647663689253349e-01,2.399413227815465621e-01
8.902604919295714625e-01,1.230407407557622679e-01,2.095420364086277853e-01,7.713191628922138054e-01,1.915471570173151727e-01,3.739213602540496506e-01
5.168338586488093744e-01,1.935360114067070092e-01,7.713191628922138054e-01,7.163181146770276619e-01,5.505616274745759320e-01,4.833567209128832864e-01
4.068838391017534639e-01,5.821647663689253349e-01,1.915471570173151727e-01,5.505616274745759320e-01,1.238990778215477429e-01,5.304036729401051531e-01
7.948522612818129662e-01,2.399413227815465621e-01,3.739213602540496506e-01,4.833567209128832864e-01,5.304036729401051531e-01,8.195459688365530626e-01
