2.648159129946721091e-01,9.182702468117331929e-01,6.356230571935476137e-01,6.014170534678369151e-01,6.092057303700404436e-01,1.508002416536696755e-01
9.182702468117331929e-01,6.773266795228576331e-01,4.208118031518847668e-01,4.101439129339944367e-01,8.798197445928963578e-01,5.698949641396979793e-01
6.356230571935476137e-01,4.208118031518847668e-01,4.512753737904404705e-01,7.971128092214316840e-01,3.610974418980404943e-01,7.301401490003265327e-01
6.014170534678369151e-01,4.101439129339944367e-01,7.971128092214316840e-01,6.870904341787132941e-01,2.680171333050156979e-01,3.310307114936443806e-01
6.092057303700404436e-01,8.798197445928963578e-01,3.610974418980404943e-01,2.680171333050156979e-01,8.730541055347073032e-01,4.069824571631138199e-01
1.508002416536696755e-01,5.698949641396979793e-01,7.301401490003265327e-01,3.310307114936443806e-01,4.069824571631138199e-01,8.383352328667530440e-01
