1.936194897874510268e-02,8.755031089528974020e-01,2.971013037711541238e-01,3.565363105816176104e-01,6.240124659780044158e-01,5.558493885797680667e-01
8.755031089528974020e-01,1.531510632649735193e-01,5.981547435984829741e-01,1.058730843470934158e-01,8.577829540410744080e-01,6.789431594548087645e-01
2.971013037711541238e-01,5.981547435984829741e-01,7.868634382158155027e-01,2.803128462992385828e-01,7.347544945133875904e-01,2.099846716071422925e-01
3.565363105816176104e-01,1.058730843470934158e-01,2.803128462992385828e-01,8.550447337085855803e-01,5.450352741346187191e-01,6.131729379692065773e-01
6.240124659780044158e-01,8.577829540410744080e-01,7.347544945133875904e-01,5.450352741346187191e-01,8.874803343023449642e-01,4.053549058620454226e-01
5.558493885797680667e-01,6.789431594548087645e-01,2.099846716071422925e-01,6.131729379692065773e-01,4.053549058620454226e-01,6.552360859280162986e-01
