1.082661177712329614e-01,2.948187138397494467e-01,6.536942045211842078e-01,3.399824931974774755e-01,1.987259171661568957e-01,6.463312431779215661e-01
2.948187138397494467e-01,9.630866930228521028e-03,8.500446550114397759e-01,7.628407724362902265e-01,4.843149506229760815e-01,3.201503825390548674e-01
6.536942045211842078e-01,8.500446550114397759e-01,5.908767806914532184e-01,5.786440010161579828e-01,5.734222704181715091e-01,5.657321378270758760e-01
3.399824931974774755e-01,7.628407724362902265e-01,5.786440010161579828e-01,5.688679134459151410e-02,4.586823450340826724e-01,6.617414294339033498e-01
1.987259171661568957e-01,4.843149506229760815e-01,5.734222704181715091e-01,4.586823450340826724e-01,4.278248226557305189e-01,6.116349531154837704e-01
6.463312431779215661e-01,3.201503825390548674e-01,5.657321378270758760e-01,6.617414294339033498e-01,6.116349531154837704e-01,8.487097296215361242e-01
