4.052197283679124240e-01,5.567517982929777176e-01,1.325870693269470268e-01,2.156925672098661262e-01,5.864954847472372279e-01,2.291276370743052238e-01
5.567517982929777176e-01,7.770766755786776558e-01,8.151324182161593379e-01,6.310405118125075319e-01,5.443188842471899935e-01,7.570667039511567165e-01
1.325870693269470268e-01,8.151324182161593379e-01,9.533183949341195174e-02,3.987351017248816909e-01,2.882791625445210726e-01,6.587898525771310743e-01
2.156925672098661262e-01,6.310405118125075319e-01,3.987351017248816909e-01,3.953873434041013102e-01,2.460552965519703927e-01,3.871321466476725370e-01
5.864954847472372279e-01,5.443188842471899935e-01,2.882791625445210726e-01,2.460552965519703927e-01,8.430494830682623286e-01,5.228115131227735191e-01
2.291276370743052238e-01,7.570667039511567165e-01,6.587898525771310743e-01,3.871321466476725370e-01,5.228115131227735191e-01,7.722232380857592116e-01
