6.640973976302833037e-01,1.794947797433802950e-01,4.495112887989691774e-01,3.288203541198694846e-01,8.716033861941703265e-01,6.528217035774752652e-01
1.794947797433802950e-01,3.307207919945250874e-01,4.518690935126137842e-01,4.260221493499712353e-01,6.529166821436102053e-01,5.490756887238437134e-01
4.495112887989691774e-01,4.518690935126137842e-01,2.427249390431077680e-01,2.083419206909277732e-01,3.172469226067593517e-01,2.126994472114934753e-01
3.288203541198694846e-01,4.260221493499712353e-01,2.083419206909277732e-01,5.959635185178446815e-01,6.854455364309026688e-01,5.066702130922495773e-01
8.716033861941703265e-01,6.529166821436102053e-01,3.172469226067593517e-01,6.854455364309026688e-01,4.211373890688898669e-01,2.043328491259678303e-01
6.528217035774752652e-01,5.490756887238437134e-01,2.126994472114934753e-01,5.066702130922495773e-01,2.043328491259678303e-01,4.761401805709575275e-02
