4.773717346368341330e-01,6.441161974894855646e-01,6.236935732211614791e-01,5.582355681024844252e-01,7.793477471810812407e-01,5.104093788206512938e-01,3.532142120535517460e-01
6.441161974894855646e-01,6.516796755570919419e-02,2.773265858549239793e-01,7.787824329957112601e-01,7.723582652446817631e-01,6.728121836240518183e-01,3.970036611251571701e-01
6.236935732211614791e-01,2.773265858549239793e-01,7.286912635744186018e-01,7.156345646736251842e-01,4.478507739879072358e-01,5.531816945478877923e-01,5.096067130663981537e-01
5.582355681024844252e-01,7.787824329957112601e-01,7.156345646736251842e-01,5.891751740032635798e-02,5.577363480346290148e-01,4.315162299582920302e-01,8.458860070076169579e-01
7.793477471810812407e-01,7.723582652446817631e-01,4.478507739879072358e-01,5.577363480346290148e-01,8.885388119340488222e-01,8.728020391370856501e-01,7.521294855833676740e-01
5.104093788206512938e-01,6.728121836240518183e-01,5.531816945478877923e-01,4.315162299582920302e-01,8.728020391370856501e-01,8.510677947961075018e-01,7.077084151372483589e-01
3.532142120535517460e-01,3.970036611251571701e-01,5.096067130663981537e-01,8.458860070076169579e-01,7.521294855833676740e-01,7.077084151372483589e-01,7.431361800628463188e-01
