6.188930876660657665e-01,5.674790607707589363e-01,2.775395598338852854e-01,2.165201640714405906e-01,3.864481799143838492e-01,2.201400186229091060e-01,5.073585396952938753e-01
5.674790607707589363e-01,9.519526236757230864e-01,2.055495998707917993e-01,7.080209166570174961e-01,6.125090976316003299e-01,7.872779583611630994e-01,3.057821776728343877e-01
2.775395598338852854e-01,2.055495998707917993e-01,1.549080318716322680e-02,8.171539676674723918e-01,3.241987876333033425e-01,3.662392400447154750e-01,7.275154578377884818e-01
2.165201640714405906e-01,7.080209166570174961e-01,8.171539676674723918e-01,7.831440797814713806e-01,5.726751977108013314e-01,2.852234108292143189e-01,7.243363465184594618e-01
3.864481799143838492e-01,6.125090976316003299e-01,3.241987876333033425e-01,5.726751977108013314e-01,4.879697968784003637e-01,3.932346930279401742e-01,7.443324969377644873e-01
2.201400186229091060e-01,7.872779583611630994e-01,3.662392400447154750e-01,2.852234108292143189e-01,3.932346930279401742e-01,7.033889050071024940e-01,7.538278201037080795e-01
5.073585396952938753e-01,3.057821776728343877e-01,7.275154578377884818e-01,7.243363465184594618e-01,7.443324969377644873e-01,7.538278201037080795e-01,2.819933727034232840e-01
