5.759592884518089928e-01,3.455084823873858513e-01,5.454502421435123427e-01,3.627758622840750458e-01,5.180022332828274623e-01,8.788076289338702107e-01
3.455084823873858513e-01,7.264334208218685696e-01,2.258866193764512698e-01,8.091062703432008174e-01,8.193959600594623582e-01,5.746986915594425316e-01
5.454502421435123427e-01,2.258866193764512698e-01,4.191210055428020720e-01,4.395244535110723882e-01,4.202426944098006656e-01,4.819714423922624169e-01
3.627758622840750458e-01,8.091062703432008174e-01,4.395244535110723882e-01,8.665104205647655711e-01,5.317114074869500051e-01,4.155046009797832007e-01
5.180022332828274623e-01,8.193959600594623582e-01,4.202426944098006656e-01,5.317114074869500051e-01,6.594576185550889980e-01,3.868560268528946633e-01
8.788076289338702107e-01,5.746986915594425316e-01,4.819714423922624169e-01,4.155046009797832007e-01,3.868560268528946633e-01,8.986696435636226665e-01
