9.847919681620989074e-01,6.776309041581549675e-01,5.006288676853380970e-01,4.368537747242999814e-01,7.344575796935757239e-01,6.627159992983024939e-01
6.776309041581549675e-01,6.537851714589727470e-01,5.696200701635065755e-01,7.629405671348025164e-01,6.833202039077885814e-01,4.958416051478575226e-01
5.006288676853380970e-01,5.696200701635065755e-01,8.752741030520563292e-01,3.811455454985585578e-01,4.323311505372169350e-01,4.440506369882775695e-01
4.368537747242999814e-01,7.629405671348025164e-01,3.811455454985585578e-01,4.885707003346497768e-01,8.431187186311459580e-01,4.912425247794806604e-01
7.344575796935757239e-01,6.833202039077885814e-01,4.323311505372169350e-01,8.431187186311459580e-01,4.874314847007837903e-01,5.309029364085880998e-01
6.627159992983024939e-01,4.958416051478575226e-01,4.440506369882775695e-01,4.912425247794806604e-01,5.309029364085880998e-01,8.073980384390727627e-01
