3.733273154540247551e-01,4.698948014146009933e-01,6.400726752905159245e-01,7.540871411180050110e-01,6.407365653736761812e-01,5.474224709569999181e-01
4.698948014146009933e-01,8.195199128198442651e-01,3.516609628243967389e-01,5.322514904051687257e-01,5.934202610673657841e-01,4.880318630731920182e-01
6.400726752905159245e-01,3.516609628243967389e-01,4.671383600339702458e-01,2.267345110882885151e-01,3.722183760187829371e-01,5.654077551192197015e-01
7.540871411180050110e-01,5.322514904051687257e-01,2.267345110882885151e-01,8.379054314547130788e-01,7.604890051294466158e-01,4.402418062746792926e-01
6.407365653736761812e-01,5.934202610673657841e-01,3.722183760187829371e-01,7.604890051294466158e-01,8.813441941023073545e-01,8.782833226360418077e-01
5.474224709569999181e-01,4.880318630731920182e-01,5.654077551192197015e-01,4.402418062746792926e-01,8.782833226360418077e-01,6.977319066725574670e-01
