2.218657682321323321e-04,4.681053196861307830e-01,5.538804561030725715e-01,5.242975227117636638e-01,6.599603705446708268e-01,5.963185836843190035e-01
4.681053196861307830e-01,4.572459674709006272e-02,8.482379759462113089e-01,3.116524122286628562e-01,8.262661885872566447e-01,6.839261855033161863e-01
5.538804561030725715e-01,8.482379759462113089e-01,7.771815042772780568e-01,5.288469976068530531e-01,8.786536540141958174e-01,5.818572296971473712e-01
5.242975227117636638e-01,3.116524122286628562e-01,5.288469976068530531e-01,4.071649956868715892e-01,1.836347925441254025e-01,4.677430240067516620e-01
6.599603705446708268e-01,8.262661885872566447e-01,8.786536540141958174e-01,1.836347925441254025e-01,7.484627098314321492e-01,4.240501033963777200e-01
5.963185836843190035e-01,6.839261855033161863e-01,5.818572296971473712e-01,4.677430240067516620e-01,4.240501033963777200e-01,4.004972244381295177e-01
