5.069268409332811087e-01,6.495114041321359277e-02,6.037158138808527141e-01,3.601310030844931953e-01,7.145852212023875438e-01,4.397283306822909466e-01
6.495114041321359277e-02,5.042775840063982162e-01,7.696262439706288427e-01,6.424238704700389047e-01,4.815277556283696359e-01,5.389470838042668133e-01
6.037158138808527141e-01,7.696262439706288427e-01,9.315574942752408161e-01,6.653112552126435597e-01,3.342400468247311851e-01,7.177580237837639654e-01
3.601310030844931953e-01,6.424238704700389047e-01,6.653112552126435597e-01,6.662700811248146726e-01,5.457132454098216900e-01,6.060666497407742881e-01
7.145852212023875438e-01,4.815277556283696359e-01,3.342400468247311851e-01,5.457132454098216900e-01,5.735318673994215244e-01,4.553682900237047138e-01
4.397283306822909466e-01,5.389470838042668133e-01,7.177580237837639654e-01,6.060666497407742881e-01,4.553682900237047138e-01,1.452056635058591727e-01
