1.279906907079720879e-01,5.753044771702683358e-01,6.191565647269119399e-01,7.427947567907577930e-02,5.472352608811873464e-01,2.609307016040821603e-01
5.753044771702683358e-01,7.202718484288286316e-01,6.969297185394727201e-01,5.688632246432420159e-01,4.113200415883727645e-01,1.454894007451515425e-01
6.191565647269119399e-01,6.969297185394727201e-01,9.600860492259469803e-01,3.809768360596296199e-01,6.113429780279846515e-01,5.249422152322529289e-01
7.427947567907577930e-02,5.688632246432420159e-01,3.809768360596296199e-01,2.780773598105493738e-01,5.129932203969208571e-01,1.914710072619448811e-01
5.472352608811873464e-01,4.113200415883727645e-01,6.113429780279846515e-01,5.129932203969208571e-01,8.062448937951187666e-01,4.406035477272085554e-01
2.609307016040821603e-01,1.454894007451515425e-01,5.249422152322529289e-01,1.914710072619448811e-01,4.406035477272085554e-01,2.890398429743479269e-02
