9.972074801869663663e-01,8.601025859586092226e-02,4.933656168135729381e-01,6.904268277563210265e-01,6.065631678099625557e-01,7.753408405784079083e-01
8.601025859586092226e-02,9.437973135391340973e-01,4.350603975374264798e-01,3.423929150194001125e-01,4.274651252275237789e-01,7.212738022642534164e-01
4.933656168135729381e-01,4.350603975374264798e-01,2.870524629246606896e-02,4.978516890639854697e-01,2.045922949415847070e-01,5.102233761684629165e-01
6.904268277563210265e-01,3.423929150194001125e-01,4.978516890639854697e-01,1.176830957145448275e-01,3.842810537442945540e-01,2.131795116815228819e-01
6.065631678099625557e-01,4.274651252275237789e-01,2.045922949415847070e-01,3.842810537442945540e-01,5.057323700926646959e-01,4.538357482950501343e-01
7.753408405784079083e-01,7.212738022642534164e-01,5.102233761684629165e-01,2.131795116815228819e-01,4.538357482950501343e-01,4.716286989207526537e-01
