9.663482271132175505e-01,4.059556320294099296e-01,6.365558922517152718e-01,6.377831149158115220e-01,5.180865923626412073e-01,5.043042284900833838e-01
4.059556320294099296e-01,5.871449662944455694e-01,7.745327757150638481e-01,8.424106847126779929e-01,9.234038385165610485e-01,7.917798739108784511e-01
6.365558922517152718e-01,7.745327757150638481e-01,4.933310939663346772e-01,8.676352637992148509e-01,4.889555824783912152e-01,2.148580566449013740e-01
6.377831149158115220e-01,8.424106847126779929e-01,8.676352637992148509e-01,8.388557570181931489e-01,3.476328033933633321e-01,9.039454350124230819e-01
5.180865923626412073e-01,9.234038385165610485e-01,4.889555824783912152e-01,3.476328033933633321e-01,1.528500404497913356e-01,7.972437418361848493e-01
5.043042284900833838e-01,7.917798739108784511e-01,2.148580566449013740e-01,9.039454350124230819e-01,7.972437418361848493e-01,5.987575178555897271e-01
