3.097197363407797610e-01,9.239416452064871388e-01,4.102777906590245882e-01,5.506454937928046967e-01,7.246989911151862085e-01,4.548832092353116141e-01
9.239416452064871388e-01,9.630294396244424293e-01,4.939998344937601149e-01,4.929312862045359678e-02,8.012901408047758967e-01,5.852469817292589305e-01
4.102777906590245882e-01,4.939998344937601149e-01,7.754897315814122116e-01,1.619160859812419084e-01,3.784744171660334167e-01,1.263141202993238732e-01
5.506454937928046967e-01,4.929312862045359678e-02,1.619160859812419084e-01,3.053127701597844190e-01,3.177967621637447504e-01,7.347710286291500026e-01
7.246989911151862085e-01,8.012901408047758967e-01,3.784744171660334167e-01,3.177967621637447504e-01,9.447615310594275062e-01,8.076345847369164055e-01
4.548832092353116141e-01,5.852469817292589305e-01,1.263141202993238732e-01,7.347710286291500026e-01,8.076345847369164055e-01,8.333237673637355902e-01
