3.166819005429480915e-01,3.010472477916087963e-01,1.865545793938910846e-01,3.130706399623505720e-01,3.121155160059304601e-01,6.329862393511880292e-01
3.010472477916087963e-01,3.525327667019673150e-02,6.229828189904318414e-01,7.094985521895844638e-01,8.500973429443490215e-01,7.625206017160780503e-01
1.865545793938910846e-01,6.229828189904318414e-01,1.234116994022371738e-01,4.673426610600709963e-01,4.468392617335115724e-01,9.227589200028480931e-01
3.130706399623505720e-01,7.094985521895844638e-01,4.673426610600709963e-01,5.167256213987126978e-01,5.006932319768668815e-01,5.376764552987814971e-01
3.121155160059304601e-01,8.500973429443490215e-01,4.468392617335115724e-01,5.006932319768668815e-01,7.770452027281078422e-01,1.852115134172379052e-01
6.329862393511880292e-01,7.625206017160780503e-01,9.227589200028480931e-01,5.376764552987814971e-01,1.852115134172379052e-01,5.208612033510418016e-02
