3.079532236237250142e-01,6.389097792528443120e-01,3.696072118231919501e-01,3.368462224915237946e-01,2.437677327962320950e-01,7.668500319435573864e-01,4.614244928792331502e-01
6.389097792528443120e-01,5.006977537416122948e-01,6.702360446323367693e-01,4.859317117731979385e-01,6.052483101335824900e-01,8.465790669355683917e-01,6.953717289600599427e-01
3.696072118231919501e-01,6.702360446323367693e-01,5.933981283879530277e-01,5.346653786832014088e-01,2.640561179748337484e-01,7.657856962767266573e-01,4.117654120090598058e-01
3.368462224915237946e-01,4.859317117731979385e-01,5.346653786832014088e-01,5.537029629832240785e-01,1.023359330421863556e-01,3.706272540134885052e-01,4.417253279373671293e-01
2.437677327962320950e-01,6.052483101335824900e-01,2.640561179748337484e-01,1.023359330421863556e-01,1.826133457075924671e-01,1.950696252983579182e-01,7.212090316840049642e-01
7.668500319435573864e-01,8.465790669355683917e-01,7.657856962767266573e-01,3.706272540134885052e-01,1.950696252983579182e-01,3.134086736085728297e-01,4.755982482187355864e-01
4.614244928792331502e-01,6.953717289600599427e-01,4.117654120090598058e-01,4.417253279373671293e-01,7.212090316840049642e-01,4.755982482187355864e-01,2.642554573221244096e-01
