6.624361066239857765e-01,3.912694630100962967e-01,5.403949032443133849e-01,2.674028343668151120e-01,7.492434553415403542e-01,2.615851501012586566e-01
3.912694630100962967e-01,2.094077286779501001e-01,5.997566199406032528e-01,9.246171612041548249e-01,6.434602492737004908e-01,5.491000598495413554e-01
5.403949032443133849e-01,5.997566199406032528e-01,2.196325540957352329e-01,7.095537856105273988e-01,2.763248198182940429e-01,1.186268136705184162e-01
2.674028343668151120e-01,9.246171612041548249e-01,7.095537856105273988e-01,5.843030599737070174e-01,5.003204844864693746e-01,4.434055830959943711e-01
7.492434553415403542e-01,6.434602492737004908e-01,2.763248198182940429e-01,5.003204844864693746e-01,7.546277740795882538e-01,1.907045206305116869e-01
2.615851501012586566e-01,5.491000598495413554e-01,1.186268136705184162e-01,4.434055830959943711e-01,1.907045206305116869e-01,7.917383692177256682e-01
