4.825662086435749121e-01,6.874608016585734838e-01,4.974292232358404342e-01,6.213706590046215172e-01,6.073440473084112945e-01,6.401444048019797606e-01
6.874608016585734838e-01,9.347887392927124450e-01,3.196705080317496228e-01,5.727610962068279132e-01,3.267974064236052745e-01,3.842638638721597721e-01
4.974292232358404342e-01,3.196705080317496228e-01,1.564093208746175634e-01,4.336650822900612878e-01,6.550803548613131078e-01,2.242178494472302219e-01
6.213706590046215172e-01,5.727610962068279132e-01,4.336650822900612878e-01,2.254707772752279071e-01,6.184545983790179502e-01,6.579002151823125644e-01
6.073440473084112945e-01,3.267974064236052745e-01,6.550803548613131078e-01,6.184545983790179502e-01,4.871672720828457148e-01,6.497840092075413132e-01
6.401444048019797606e-01,3.842638638721597721e-01,2.242178494472302219e-01,6.579002151823125644e-01,6.497840092075413132e-01,4.307101446291391467e-01
