8.077804252904087212e-01,1.749483249823176045e-01,3.035994919544774961e-01,5.213494150833233309e-01,4.705821052025883078e-01,1.010157601403544603e-01
1.749483249823176045e-01,2.213700795412240074e-01,7.160104532996331983e-01,4.507563102293579704e-01,2.618202873278007159e-01,4.563781602607831500e-01
3.035994919544774961e-01,7.160104532996331983e-01,1.571437135263296092e-01,3.932874656590383267e-01,5.001844870317919689e-01,1.418323797624849170e-01
5.213494150833233309e-01,4.507563102293579704e-01,3.932874656590383267e-01,8.927272932791588955e-01,6.976412247344584427e-01,4.719954183300688610e-01
4.705821052025883078e-01,2.618202873278007159e-01,5.001844870317919689e-01,6.976412247344584427e-01,8.623109327853095696e-01,3.362809055768172795e-01
1.010157601403544603e-01,4.563781602607831500e-01,1.418323797624849170e-01,4.719954183300688610e-01,3.362809055768172795e-01,8.912317887136925743e-01
