8.801716052848050920e-01,5.058831114109353377e-01,3.484025561096649737e-01,8.662677461124239642e-01,1.001044087775803670e-01,1.262315283284300982e-01
5.058831114109353377e-01,1.280059576202893235e-01,1.733281983044113184e-01,7.256308417844408165e-01,6.146004277093128909e-01,3.703054196710489632e-01
3.484025561096649737e-01,1.733281983044113184e-01,3.797368934061041701e-01,6.704564715927978646e-01,4.272251402833743272e-01,6.067141690022286316e-01
8.662677461124239642e-01,7.256308417844408165e-01,6.704564715927978646e-01,9.460414492145206022e-01,8.521665166005965020e-01,7.845321998607840408e-01
1.001044087775803670e-01,6.146004277093128909e-01,4.272251402833743272e-01,8.521665166005965020e-01,8.910433117759247734e-01,4.518209434197394403e-01
1.262315283284300982e-01,3.703054196710489632e-01,6.067141690022286316e-01,7.845321998607840408e-01,4.518209434197394403e-01,3.767173382939937865e-01
