9.844080344220579315e-01,7.854638367591245673e-01,2.572045765549521579e-01,1.716237795736841876e-01,4.738527982915509695e-01,8.295387124667810141e-01
7.854638367591245673e-01,5.542937754996912769e-02,7.584891773608986032e-01,2.039078443785217187e-01,4.643900982165428681e-01,4.414649895712461358e-01
2.572045765549521579e-01,7.584891773608986032e-01,5.868995910362917456e-01,5.700739978032487443e-01,5.066967494600016497e-01,2.415665011061348677e-01
1.716237795736841876e-01,2.039078443785217187e-01,5.700739978032487443e-01,7.287539034855539111e-01,6.920601152228113007e-01,3.617355746033960040e-01
4.738527982915509695e-01,4.643900982165428681e-01,5.066967494600016497e-01,6.920601152228113007e-01,7.310448541943965761e-01,5.056399805217974830e-01
8.295387124667810141e-01,4.414649895712461358e-01,2.415665011061348677e-01,3.617355746033960040e-01,5.056399805217974830e-01,1.180466511470662505e-01
