3.636053619390984259e-01,8.813919455845671269e-01,7.053355300384922533e-01,6.986791408284673821e-01,8.231053638629738378e-01,3.178363011082355194e-01
8.813919455845671269e-01,3.977126776653251428e-01,8.829434875069304134e-01,4.121447679137856257e-01,5.025313074758905874e-01,5.260299435134712098e-01
7.053355300384922533e-01,8.829434875069304134e-01,5.660989499003902248e-01,6.616298540023120012e-01,4.757481772731906866e-01,4.949393121411788665e-01
6.986791408284673821e-01,4.121447679137856257e-01,6.616298540023120012e-01,5.487497041707665169e-01,6.040470162736042425e-01,4.256542802735628350e-01
8.231053638629738378e-01,5.025313074758905874e-01,4.757481772731906866e-01,6.040470162736042425e-01,9.504348256598219580e-01,4.514030601808820542e-01
3.178363011082355194e-01,5.260299435134712098e-01,4.949393121411788665e-01,4.256542802735628350e-01,4.514030601808820542e-01,9.849325215364810315e-01
