2.591613419850119504e-01,6.676598079562117150e-01,3.411052346139730740e-01,5.152027961954511737e-01,2.394753515125523924e-01,5.675647781940341696e-01
6.676598079562117150e-01,7.016487140927540889e-02,2.901283762983263292e-01,7.018874803044181654e-01,5.867686845802180251e-01,3.141953815472059430e-01
3.411052346139730740e-01,2.901283762983263292e-01,6.290680648865252245e-01,3.630858042635339289e-01,1.924793590291372092e-01,3.567123696197864180e-01
5.152027961954511737e-01,7.018874803044181654e-01,3.630858042635339289e-01,4.155949013196006403e-01,5.684817921922999950e-01,5.525500487697916352e-01
2.394753515125523924e-01,5.867686845802180251e-01,1.924793590291372092e-01,5.684817921922999950e-01,7.637748804319569595e-01,9.434080979379868559e-01
5.675647781940341696e-01,3.141953815472059430e-01,3.567123696197864180e-01,5.525500487697916352e-01,9.434080979379868559e-01,5.077817019638604101e-01
