2.686693631831122975e-01,3.933272160242578530e-01,3.631816338567921965e-01,4.310921974556075620e-01,4.625425400330991366e-01,8.466412525644493314e-01
3.933272160242578530e-01,6.265017400581330831e-01,3.436709535676609195e-01,7.497635960560091739e-01,6.034968596077957548e-01,5.044807826612491830e-01
3.631816338567921965e-01,3.436709535676609195e-01,1.417642946221350231e-01,3.666051470683244218e-01,4.346121326990938227e-01,1.582201014112293858e-01
4.310921974556075620e-01,7.497635960560091739e-01,3.666051470683244218e-01,4.203777376830339918e-01,9.194836014614464759e-01,7.145766003780888997e-01
4.625425400330991366e-01,6.034968596077957548e-01,4.346121326990938227e-01,9.194836014614464759e-01,1.526217338181626859e-01,2.962795951099247982e-01
8.466412525644493314e-01,5.044807826612491830e-01,1.582201014112293858e-01,7.145766003780888997e-01,2.962795951099247982e-01,7.790856780685185834e-01
