2.865702276683576022e-01,5.638981094062214261e-01,6.468847344631575291e-01,6.774214182126464534e-02,6.302490132919313925e-01,6.435878572095565797e-01
5.638981094062214261e-01,8.152523982046864237e-01,5.968665264865862241e-01,4.492079821776992499e-01,4.264904139602931910e-01,4.860795704958729146e-01
6.468847344631575291e-01,5.968665264865862241e-01,6.903040904384682985e-02,6.720225680144014113e-01,5.518818509509153536e-01,4.336592622837419087e-01
6.774214182126464534e-02,4.492079821776992499e-01,6.720225680144014113e-01,5.682432119361235934e-02,7.092492720389018679e-01,5.230925987587164983e-01
6.302490132919313925e-01,4.264904139602931910e-01,5.518818509509153536e-01,7.092492720389018679e-01,3.250356205138514865e-01,1.568157091522329183e-01
6.435878572095565797e-01,4.860795704958729146e-01,4.336592622837419087e-01,5.230925987587164983e-01,1.568157091522329183e-01,1.253327746270603837e-01
