6.135534036085338316e-01,5.429392991287435022e-01,5.017588467830355059e-01,2.996859144906314221e-01,4.042245222442636954e-01,6.057144057231876877e-01
5.429392991287435022e-01,6.655207946754962967e-01,3.033699982737574352e-01,5.584302182869662623e-01,8.891951845317723757e-01,7.125355127995056659e-01
5.017588467830355059e-01,3.033699982737574352e-01,3.784514936008173125e-01,3.703470569179529437e-01,6.230685692427649913e-01,2.753044688615322033e-01
2.996859144906314221e-01,5.584302182869662623e-01,3.703470569179529437e-01,5.184637586016378474e-01,3.453994088265733842e-01,8.004756993938041409e-01
4.042245222442636954e-01,8.891951845317723757e-01,6.230685692427649913e-01,3.453994088265733842e-01,4.599423275931890931e-02,7.576207440652109604e-01
6.057144057231876877e-01,7.125355127995056659e-01,2.753044688615322033e-01,8.004756993938041409e-01,7.576207440652109604e-01,1.211451739501862024e-01
