4.904140725982171212e-01,3.589665681535530450e-01,7.605375883076481713e-01,2.553712604676807718e-01,6.888280035217825281e-01,3.751200668672829974e-01
3.589665681535530450e-01,1.611767058142244968e-01,2.650083509712861107e-01,7.842843221181482471e-01,2.948236228899820399e-01,7.085107698225130424e-01
7.605375883076481713e-01,2.650083509712861107e-01,3.108746538538524895e-01,3.336551966744535358e-01,9.464517433828596449e-01,2.686684954868202579e-01
2.553712604676807718e-01,7.842843221181482471e-01,3.336551966744535358e-01,4.629528760725620806e-02,3.287245362938041593e-01,4.978578035071011265e-01
6.888280035217825281e-01,2.948236228899820399e-01,9.464517433828596449e-01,3.287245362938041593e-01,4.589284191916532807e-01,3.220938526560054860e-01
3.751200668672829974e-01,7.085107698225130424e-01,2.686684954868202579e-01,4.978578035071011265e-01,3.220938526560054860e-01,4.155445094569193420e-01
