7.401169820101264341e-01,3.113475362486788911e-01,5.152189895399710284e-01,6.246072895221451704e-01,5.897444701285989854e-01,5.859751900717842243e-01
3.113475362486788911e-01,4.662444850780994576e-01,5.550467959176610400e-01,5.592766190153963812e-01,7.242848527635378231e-01,5.210730966158796384e-01
5.152189895399710284e-01,5.550467959176610400e-01,2.753490166412547735e-01,5.218424433933983586e-01,7.689767469103506725e-01,8.541085801299950209e-01
6.246072895221451704e-01,5.592766190153963812e-01,5.218424433933983586e-01,4.020891729243367685e-01,7.982100267845575470e-01,6.894424982560282134e-01
5.897444701285989854e-01,7.242848527635378231e-01,7.689767469103506725e-01,7.982100267845575470e-01,5.749051659373010104e-01,7.312960599816248353e-01
5.859751900717842243e-01,5.210730966158796384e-01,8.541085801299950209e-01,6.894424982560282134e-01,7.312960599816248353e-01,8.268139878883938865e-01
