9.500354869558484960e-01,7.990854241887789255e-01,9.292962282499476201e-01,6.822398139500782666e-01,5.432091897845658934e-01,2.348475495725543816e-02
7.990854241887789255e-01,7.899930890268637151e-01,6.898208947308615002e-01,8.660948374505581526e-01,4.088537463433347674e-01,4.825419463141528698e-01
9.292962282499476201e-01,6.898208947308615002e-01,2.484167578014476740e-01,3.150130958926167235e-01,7.658250957834173978e-01,1.606390163259574511e-01
6.822398139500782666e-01,8.660948374505581526e-01,3.150130958926167235e-01,7.418418640010009391e-01,6.397647792463947436e-01,1.482918905752692029e-01
5.432091897845658934e-01,4.088537463433347674e-01,7.658250957834173978e-01,6.397647792463947436e-01,1.842562259810208714e-01,6.843078227641253841e-01
2.348475495725543816e-02,4.825419463141528698e-01,1.606390163259574511e-01,1.482918905752692029e-01,6.843078227641253841e-01,6.833178180489600795e-01
