1.273769192539697670e-02,7.347848481993237701e-01,8.708784751536271518e-01,6.631021531265646196e-01,4.768987522252196021e-01,1.525723334737638104e-01
7.347848481993237701e-01,8.422633107560321131e-01,6.738315736856554938e-01,4.901549332106204804e-01,5.930415427332023093e-01,3.639363345964477525e-01
8.708784751536271518e-01,6.738315736856554938e-01,4.938724452145882848e-01,4.117838887619978405e-01,6.710673631911194814e-01,8.314168960797919672e-01
6.631021531265646196e-01,4.901549332106204804e-01,4.117838887619978405e-01,2.812831439425546032e-01,5.258237214548513450e-01,3.246624958055555066e-01
4.768987522252196021e-01,5.930415427332023093e-01,6.710673631911194814e-01,5.258237214548513450e-01,5.266594006278138007e-01,4.280803589524688202e-01
1.525723334737638104e-01,3.639363345964477525e-01,8.314168960797919672e-01,3.246624958055555066e-01,4.280803589524688202e-01,3.493291996069515237e-01
