6.790471005670338789e-01,3.876045265134901996e-01,5.370327609710718875e-01,2.889958586646350636e-01,2.732112194882476142e-01,1.254324671646000477e-01
3.876045265134901996e-01,1.104143325496353967e-03,6.259043792328031763e-01,4.197861724272906603e-01,3.701549845342853029e-01,9.851148363029449406e-02
5.370327609710718875e-01,6.259043792328031763e-01,9.673016218082139961e-01,1.532329761269166646e-01,4.858259973099515738e-01,4.421627252006082864e-01
2.889958586646350636e-01,4.197861724272906603e-01,1.532329761269166646e-01,4.248713855364496528e-01,8.789109314807040940e-01,4.029037978082523619e-01
2.732112194882476142e-01,3.701549845342853029e-01,4.858259973099515738e-01,8.789109314807040940e-01,2.827489203525935801e-01,5.258217033265919493e-01
1.254324671646000477e-01,9.851148363029449406e-02,4.421627252006082864e-01,4.029037978082523619e-01,5.258217033265919493e-01,4.250331472913669861e-01
