2.638463481101263053e-01,9.019773484995189383e-01,2.804209259250607378e-01,3.076729626356330960e-01,6.900348752471904268e-01,1.496935937239506909e-01
9.019773484995189383e-01,3.729430854437598697e-02,4.549660652063220456e-01,3.671793390366064336e-01,9.282780726523665038e-02,5.497162144877997259e-01
2.804209259250607378e-01,4.549660652063220456e-01,2.748413830891126564e-01,4.787610583360136229e-01,1.752593853262089940e-01,4.526709372380767760e-01
3.076729626356330960e-01,3.671793390366064336e-01,4.787610583360136229e-01,9.702720928337812412e-01,1.636251475938951261e-01,8.760662867958537436e-01
6.900348752471904268e-01,9.282780726523665038e-02,1.752593853262089940e-01,1.636251475938951261e-01,9.845348287959100331e-01,5.348088682089336965e-01
1.496935937239506909e-01,5.497162144877997259e-01,4.526709372380767760e-01,8.760662867958537436e-01,5.348088682089336965e-01,4.744142748190424141e-01
