3.741333735151772810e-01,8.084603453258032424e-01,2.107147432350793825e-01,7.446940915049576892e-01,4.117566101984120874e-01,5.553448816478132599e-01
8.084603453258032424e-01,6.680472380816901978e-01,8.392817539624416456e-01,3.280228677936035675e-01,6.742980123728465891e-01,3.511248872654697539e-01
2.107147432350793825e-01,8.392817539624416456e-01,2.115149974113610387e-01,4.570196908557446203e-01,6.583133971897319192e-01,4.807464392257592700e-01
7.446940915049576892e-01,3.280228677936035675e-01,4.570196908557446203e-01,6.804417133932499917e-01,4.003652552772408724e-01,2.392030547452959066e-01
4.117566101984120874e-01,6.742980123728465891e-01,6.583133971897319192e-01,4.003652552772408724e-01,3.844842256993858953e-01,5.375898932350275938e-01
5.553448816478132599e-01,3.511248872654697539e-01,4.807464392257592700e-01,2.392030547452959066e-01,5.375898932350275938e-01,4.097902600682794549e-01
