5.391283215272200113e-01,7.186116245582246931e-01,6.671920401932609490e-01,3.024799872645760890e-01,4.742880132381327440e-01,6.258723643721727514e-01
7.186116245582246931e-01,7.917369941462604199e-02,4.454671571419314691e-01,6.924415330493830512e-01,8.471488933521815756e-01,3.725624881872679484e-01
6.671920401932609490e-01,4.454671571419314691e-01,9.077904402511471904e-01,4.642047881298073109e-01,6.096492218547318043e-01,6.070111434612144308e-01
3.024799872645760890e-01,6.924415330493830512e-01,4.642047881298073109e-01,6.314752939464781667e-01,4.335885907570850573e-01,6.550785578716967761e-01
4.742880132381327440e-01,8.471488933521815756e-01,6.096492218547318043e-01,4.335885907570850573e-01,9.390216996298164087e-01,8.342070151905229825e-01
6.258723643721727514e-01,3.725624881872679484e-01,6.070111434612144308e-01,6.550785578716967761e-01,8.342070151905229825e-01,9.334701521601103114e-01
