3.700532655964168249e-01,5.290193809500938205e-01,6.625899908621987189e-01,4.750959552460032320e-01,5.542468743008661658e-01,8.828878549707422918e-01
5.290193809500938205e-01,6.334482504521736779e-01,4.703733029416107825e-01,7.296730847876981008e-01,1.247048246481192169e-01,4.074474644781729826e-01
6.625899908621987189e-01,4.703733029416107825e-01,1.082014327957641076e-01,5.269466219625209558e-01,8.862971181973043899e-01,7.318263307094426962e-01
4.750959552460032320e-01,7.296730847876981008e-01,5.269466219625209558e-01,6.206471153091155379e-01,1.539359407037567129e-01,3.988470007332399203e-01
5.542468743008661658e-01,1.247048246481192169e-01,8.862971181973043899e-01,1.539359407037567129e-01,7.796595320214836367e-01,6.916856431950613171e-02
8.828878549707422918e-01,4.074474644781729826e-01,7.318263307094426962e-01,3.988470007332399203e-01,6.916856431950613171e-02,4.884199386235184015e-01
