7.510995546927259348e-01,2.084399603440197923e-01,8.107497390929334635e-01,2.872230982401264288e-01,4.736103099205544731e-01,5.741663568617704216e-01
2.084399603440197923e-01,2.218398843853510716e-01,2.635060096143394537e-01,3.778996098322338071e-01,4.093897212440193445e-01,4.157423463341458070e-01
8.107497390929334635e-01,2.635060096143394537e-01,3.329235986218712640e-01,1.648526551373449833e-01,4.961858310022241314e-01,1.130121936145062067e-01
2.872230982401264288e-01,3.778996098322338071e-01,1.648526551373449833e-01,4.297334132153562969e-01,4.928105956383656561e-01,1.943073290602424508e-01
4.736103099205544731e-01,4.093897212440193445e-01,4.961858310022241314e-01,4.928105956383656561e-01,7.679122819223136442e-01,5.206924446032494824e-01
5.741663568617704216e-01,4.157423463341458070e-01,1.130121936145062067e-01,1.943073290602424508e-01,5.206924446032494824e-01,8.324629356883063158e-01
