3.083987159232675079e-01,8.150383962765407331e-01,6.207444620832109905e-01,5.168892110370175708e-01,6.696950099049943095e-01,3.002341653488914686e-01
8.150383962765407331e-01,7.605102173918505404e-01,6.260327465320855156e-01,3.323890746572512600e-01,6.163739614415366663e-01,1.869434506546157060e-01
6.207444620832109905e-01,6.260327465320855156e-01,3.135404004212272167e-01,7.939733502881565208e-01,4.426818535470390947e-01,2.780859518860959723e-01
5.168892110370175708e-01,3.323890746572512600e-01,7.939733502881565208e-01,4.799716428739816410e-01,4.408409860367737410e-01,9.366653693854392060e-01
6.696950099049943095e-01,6.163739614415366663e-01,4.426818535470390947e-01,4.408409860367737410e-01,7.043670445776712974e-01,4.593092535962080558e-01
3.002341653488914686e-01,1.869434506546157060e-01,2.780859518860959723e-01,9.366653693854392060e-01,4.593092535962080558e-01,2.385278934423051833e-01
