3.277364724726693490e-01,4.518035684913701555e-01,8.793652252855445051e-01,6.640538736029653055e-01,4.950258039662654985e-01,3.763104958136845868e-01
4.518035684913701555e-01,7.019958798928891408e-01,2.924314566738274723e-01,4.463331771180917285e-01,3.450965081894483699e-01,4.708106178657708862e-01
8.793652252855445051e-01,2.924314566738274723e-01,2.939901257956483160e-01,3.472287390404442120e-01,5.994895848483914325e-01,4.223364960827099557e-01
6.640538736029653055e-01,4.463331771180917285e-01,3.472287390404442120e-01,8.415432572061376515e-01,6.811174976391545233e-01,7.250627959451216853e-01
4.950258039662654985e-01,3.450965081894483699e-01,5.994895848483914325e-01,6.811174976391545233e-01,9.890508199827706681e-01,5.517871606723828704e-02
3.763104958136845868e-01,4.708106178657708862e-01,4.223364960827099557e-01,7.250627959451216853e-01,5.517871606723828704e-02,1.699255362825224935e-01
