5.049947087284769598e-01,4.475318190331109003e-01,4.791843887568356664e-01,6.591096190738396920e-01,7.493784430823378084e-01,1.776249020284301761e-01,4.813512572597107297e-01
4.475318190331109003e-01,8.536554047140926249e-01,2.672453100721992048e-01,2.230612799774578381e-01,8.812023033006155526e-01,7.291580466018532380e-01,1.246981699624367113e-01
4.791843887568356664e-01,2.672453100721992048e-01,5.206552989508432816e-01,4.738470678254415036e-01,5.626828616058472399e-01,6.484715701687064904e-01,8.642562639016461157e-01
6.591096190738396920e-01,2.230612799774578381e-01,4.738470678254415036e-01,1.088976132214063419e-01,5.913060075911691360e-01,4.381645535987696571e-01,7.061070560479448810e-01
7.493784430823378084e-01,8.812023033006155526e-01,5.626828616058472399e-01,5.913060075911691360e-01,4.838242725208897754e-01,5.419559541436733685e-01,7.479633210534084586e-01
1.776249020284301761e-01,7.291580466018532380e-01,6.484715701687064904e-01,4.381645535987696571e-01,5.419559541436733685e-01,9.432291478989748290e-01,4.102943295733471052e-01
4.813512572597107297e-01,1.246981699624367113e-01,8.642562639016461157e-01,7.061070560479448810e-01,7.479633210534084586e-01,4.102943295733471052e-01,7.336889257669289011e-01
