9.202693348385156957e-01,4.675477007243548644e-01,5.334919355132521357e-01,6.035551142583763795e-01,4.071910743148060008e-01,8.094329584887913764e-01,1.832576091852319844e-01
4.675477007243548644e-01,7.119493963265852710e-01,9.351610094598414857e-01,4.449407727346955110e-01,8.588887755451981576e-01,3.887796924909416862e-01,5.756852016309149667e-01
5.334919355132521357e-01,9.351610094598414857e-01,3.190234677428560595e-02,7.075238316608077893e-01,2.618971630973967457e-01,5.946670824467354954e-01,1.496893877089331970e-01
6.035551142583763795e-01,4.449407727346955110e-01,7.075238316608077893e-01,7.553710205305752545e-01,6.078871734677545602e-01,1.683234137230795735e-01,2.521917440660636500e-01
4.071910743148060008e-01,8.588887755451981576e-01,2.618971630973967457e-01,6.078871734677545602e-01,7.147402698728605452e-01,8.163025497320469670e-01,9.504648442687677612e-01
8.094329584887913764e-01,3.887796924909416862e-01,5.946670824467354954e-01,1.683234137230795735e-01,8.163025497320469670e-01,9.799984930950577100e-01,1.832619267534564278e-01
1.832576091852319844e-01,5.756852016309149667e-01,1.496893877089331970e-01,2.521917440660636500e-01,9.504648442687677612e-01,1.832619267534564278e-01,7.399244443207957378e-01
