6.967615942844340715e-03,4.420819684061558785e-01,8.039150963596068955e-01,1.035516076588233192e-01,2.915930767870883455e-01,6.458905461475016319e-01,6.900363553502979475e-01
4.420819684061558785e-01,7.129380568688827857e-01,1.821179751754428144e-01,6.073306842347175882e-01,8.330677106683398447e-02,3.943582172160295940e-01,2.073849109879334351e-01
8.039150963596068955e-01,1.821179751754428144e-01,9.119925185110274723e-01,6.519267804818619227e-01,3.509573795350282577e-01,4.421603560504331898e-01,7.465843697485068375e-01
1.035516076588233192e-01,6.073306842347175882e-01,6.519267804818619227e-01,2.465698848739238391e-01,5.712526859499407195e-01,6.792562411547748980e-01,4.942160442508420903e-01
2.915930767870883455e-01,8.330677106683398447e-02,3.509573795350282577e-01,5.712526859499407195e-01,4.063559178067750466e-01,7.585604334073674515e-01,4.728927594314839555e-01
6.458905461475016319e-01,3.943582172160295940e-01,4.421603560504331898e-01,6.792562411547748980e-01,7.585604334073674515e-01,9.020586826159715521e-01,7.101366866118510313e-01
6.900363553502979475e-01,2.073849109879334351e-01,7.465843697485068375e-01,4.942160442508420903e-01,4.728927594314839555e-01,7.101366866118510313e-01,9.012578401203514833e-01
