3.696866811527488306e-02,8.421516453721835660e-01,3.764907148918547608e-01,8.081061922295809108e-01,1.700746540790423755e-01,4.680060664149990890e-01
8.421516453721835660e-01,7.260024281491773701e-01,2.972108552274060900e-02,2.317914800726439961e-01,5.190933378012660970e-01,2.282609321237880073e-01
3.764907148918547608e-01,2.972108552274060900e-02,7.991725713332199499e-01,4.985926666744500135e-01,4.755653622186388207e-01,7.428833575638763564e-01
8.081061922295809108e-01,2.317914800726439961e-01,4.985926666744500135e-01,2.787734921670746990e-01,2.752721156358726162e-01,3.516029773156423843e-01
1.700746540790423755e-01,5.190933378012660970e-01,4.755653622186388207e-01,2.752721156358726162e-01,2.566962913865342699e-01,4.759979571124322573e-01
4.680060664149990890e-01,2.282609321237880073e-01,7.428833575638763564e-01,3.516029773156423843e-01,4.759979571124322573e-01,8.686670500600370826e-01
