8.640863528178794883e-01,4.227452795381758111e-01,6.539286308519028923e-01,4.628835139461144887e-01,4.909912288989363160e-01,7.601307726960226940e-01,8.179434308592237191e-01
4.227452795381758111e-01,7.160611916849188852e-01,4.708103643884350431e-01,4.353952954124579722e-01,5.623224569157625474e-01,5.483135090570628867e-01,3.674974848760498847e-01
6.539286308519028923e-01,4.708103643884350431e-01,9.201857674967061085e-01,5.157257175967401297e-01,3.192215056840064791e-01,6.624696316253471107e-01,8.085023791251899627e-01
4.628835139461144887e-01,4.353952954124579722e-01,5.157257175967401297e-01,2.027070811210114343e-01,5.028689184747308083e-01,2.003707277145745369e-01,5.155165576224824964e-01
4.909912288989363160e-01,5.623224569157625474e-01,3.192215056840064791e-01,5.028689184747308083e-01,3.559889675004906939e-01,6.276841397589811855e-01,3.028214472748401165e-01
7.601307726960226940e-01,5.483135090570628867e-01,6.624696316253471107e-01,2.003707277145745369e-01,6.276841397589811855e-01,4.542800501376027533e-01,4.450224998791566522e-01
8.179434308592237191e-01,3.674974848760498847e-01,8.085023791251899627e-01,5.155165576224824964e-01,3.028214472748401165e-01,4.450224998791566522e-01,9.852497139512925717e-01
