4.964201027899097785e-01,2.341531834891585895e-01,3.431141802512818195e-01,8.522139112465347832e-01,3.960398240828926220e-01,5.439404441805477664e-01,7.835785332407598780e-01
2.341531834891585895e-01,3.919128092202035507e-01,5.644774053456791396e-01,5.259012391024338040e-01,4.122666931433892068e-01,8.082271285927629112e-01,2.384208942953542909e-01
3.431141802512818195e-01,5.644774053456791396e-01,6.204265804598113609e-01,2.151556441206191606e-01,3.877567069831299174e-01,8.681669953964333830e-01,2.293609782278357989e-01
8.522139112465347832e-01,5.259012391024338040e-01,2.151556441206191606e-01,7.533434945694378326e-01,7.529856787788568040e-01,6.358622205805551930e-01,7.233194502409296955e-01
3.960398240828926220e-01,4.122666931433892068e-01,3.877567069831299174e-01,7.529856787788568040e-01,9.948556400057535498e-01,4.811149022678758991e-01,5.545332946324307288e-01
5.439404441805477664e-01,8.082271285927629112e-01,8.681669953964333830e-01,6.358622205805551930e-01,4.811149022678758991e-01,4.189975593546668708e-02,2.546340253344817617e-01
7.835785332407598780e-01,2.384208942953542909e-01,2.293609782278357989e-01,7.233194502409296955e-01,5.545332946324307288e-01,2.546340253344817617e-01,8.856327271327818496e-01
