3.887559450073175826e-01,2.944134962740855288e-01,6.739260719596956717e-01,4.269201351131137190e-01,2.620816632298864080e-01,4.327353247701736239e-01,2.300958523927443822e-01
2.944134962740855288e-01,4.169923856142191410e-01,3.702570284375819587e-01,5.897026658671506993e-01,4.692853086639213744e-01,4.950126757216631868e-01,1.607529405321314053e-01
6.739260719596956717e-01,3.702570284375819587e-01,7.687903773116263606e-01,8.002650904532039311e-01,3.266320213614150592e-01,6.665054462081085873e-01,6.040160623244801297e-01
4.269201351131137190e-01,5.897026658671506993e-01,8.002650904532039311e-01,5.875378530564813184e-01,2.790917452044351932e-01,5.289588631021561183e-01,4.833961847112220878e-01
2.620816632298864080e-01,4.692853086639213744e-01,3.266320213614150592e-01,2.790917452044351932e-01,5.170718891876713297e-02,3.917669892581033819e-01,2.168409254023179189e-01
4.327353247701736239e-01,4.950126757216631868e-01,6.665054462081085873e-01,5.289588631021561183e-01,3.917669892581033819e-01,9.011044398564530544e-01,5.166917293397893518e-01
2.300958523927443822e-01,1.607529405321314053e-01,6.040160623244801297e-01,4.833961847112220878e-01,2.168409254023179189e-01,5.166917293397893518e-01,7.958480559093978890e-01
