1.844208689394539746e-01,4.303828141079981684e-01,7.007947199031505647e-01,2.497089254920564216e-01,4.985475852234007021e-01,4.294861656819923823e-01
4.303828141079981684e-01,7.451431148577272179e-01,3.783395661765636131e-01,3.828719096662599464e-01,5.826102073297002581e-01,5.282813510990251871e-01
7.007947199031505647e-01,3.783395661765636131e-01,8.105655116933354609e-01,5.482589335137135755e-01,3.487474377291417960e-01,3.801433906861520495e-01
2.497089254920564216e-01,3.828719096662599464e-01,5.482589335137135755e-01,9.180720488898700404e-01,7.210898447457163574e-01,3.882321358724364901e-01
4.985475852234007021e-01,5.826102073297002581e-01,3.487474377291417960e-01,7.210898447457163574e-01,4.684205542463655281e-01,3.965327797600609050e-01
4.294861656819923823e-01,5.282813510990251871e-01,3.801433906861520495e-01,3.882321358724364901e-01,3.965327797600609050e-01,8.840343186468729852e-01
