2.270760024602064275e-01,5.074411470345192576e-01,5.838543785774295003e-01,4.163168959608344322e-01,5.889093871187314200e-01,2.362909948775255287e-01
5.074411470345192576e-01,7.784432547184589879e-01,7.996085647261368390e-01,3.320013012472123881e-01,7.388249687553938294e-01,5.575323961969680386e-01
5.838543785774295003e-01,7.996085647261368390e-01,4.175910969406506634e-01,4.930590105606556528e-01,5.632978569413474856e-01,2.088778772530530681e-01
4.163168959608344322e-01,3.320013012472123881e-01,4.930590105606556528e-01,9.203547297936760518e-01,2.518786127922018059e-01,6.328257212390353548e-01
5.889093871187314200e-01,7.388249687553938294e-01,5.632978569413474856e-01,2.518786127922018059e-01,4.058406386565863722e-01,6.897449231100256650e-01
2.362909948775255287e-01,5.575323961969680386e-01,2.088778772530530681e-01,6.328257212390353548e-01,6.897449231100256650e-01,2.538167318746593626e-01
