1.891296678975193934e-01,8.797187024348018802e-02,4.087928263057544198e-01,3.054953849261606846e-01,7.892924275583401705e-01,7.640429819248193422e-01
8.797187024348018802e-02,8.520814106639467145e-01,8.947016482500556034e-01,6.472338041427407873e-01,5.843277923161751541e-01,4.210702168333849693e-01
4.087928263057544198e-01,8.947016482500556034e-01,8.002891799689484387e-01,4.341467228348166452e-01,1.350555023583148162e-01,3.507299390112873505e-01
3.054953849261606846e-01,6.472338041427407873e-01,4.341467228348166452e-01,7.300385079588604942e-01,5.358627175683656763e-01,3.752967387714107317e-01
7.892924275583401705e-01,5.843277923161751541e-01,1.350555023583148162e-01,5.358627175683656763e-01,6.881431226322994865e-01,3.723755535571353636e-01
7.640429819248193422e-01,4.210702168333849693e-01,3.507299390112873505e-01,3.752967387714107317e-01,3.723755535571353636e-01,9.294283607208224662e-01
