3.469715606253206408e-01,7.598050403388976193e-01,4.174831944359976288e-01,5.023265664881015891e-02,6.432645434938832896e-01,4.469662343904933222e-01
7.598050403388976193e-01,7.620179672824887174e-01,9.375032096690523176e-01,4.889363007217832902e-01,8.167442946881444676e-01,1.300174081820819616e-01
4.174831944359976288e-01,9.375032096690523176e-01,8.354173862876858037e-01,8.416023865080384248e-01,6.744874909689978493e-01,3.103629977796923956e-01
5.023265664881015891e-02,4.889363007217832902e-01,8.416023865080384248e-01,7.005555761923187852e-01,8.234527905464458231e-01,4.346941263272822153e-01
6.432645434938832896e-01,8.167442946881444676e-01,6.744874909689978493e-01,8.234527905464458231e-01,5.622412904925996324e-01,3.556565372212521781e-01
4.469662343904933222e-01,1.300174081820819616e-01,3.103629977796923956e-01,4.346941263272822153e-01,3.556565372212521781e-01,1.146983664975035344e-01
