7.498048135809405323e-01,3.029978664933508092e-01,2.839012731538320122e-01,7.232663543759125790e-01,6.036149512294350927e-01,3.668728273046560351e-01,4.133056366529520576e-01
3.029978664933508092e-01,4.221863319292573635e-01,7.878777411695450095e-01,7.148491697035952441e-01,1.645763851739142081e-01,8.265252834527712089e-01,2.762387358617687805e-01
2.839012731538320122e-01,7.878777411695450095e-01,9.114025949359039203e-02,8.206598777866738192e-01,5.620598167088466379e-01,3.928311005627166397e-01,1.419931880626611465e-01
7.232663543759125790e-01,7.148491697035952441e-01,8.206598777866738192e-01,9.644342262281659917e-01,1.832481442937139993e-01,3.327175656603954534e-01,3.501240118318121319e-01
6.036149512294350927e-01,1.645763851739142081e-01,5.620598167088466379e-01,1.832481442937139993e-01,4.612663818804310090e-01,8.169575559741628634e-01,2.786929265041374060e-01
3.668728273046560351e-01,8.265252834527712089e-01,3.928311005627166397e-01,3.327175656603954534e-01,8.169575559741628634e-01,3.295718030090800665e-01,6.017801645459472937e-01
4.133056366529520576e-01,2.762387358617687805e-01,1.419931880626611465e-01,3.501240118318121319e-01,2.786929265041374060e-01,6.017801645459472937e-01,7.059509210466052842e-03
