4.518114355566350548e-01,4.628524434353475381e-01,4.248338206209522072e-01,7.325768851545012561e-01,1.664356781110691297e-01,6.651588988733596608e-01,6.976315539684496692e-01
4.628524434353475381e-01,5.642923379085504898e-01,8.371111308071348400e-01,7.231590217841992185e-01,4.910519614229984509e-01,9.487526170460497399e-01,1.039325447590193630e-01
4.248338206209522072e-01,8.371111308071348400e-01,8.059607548515349551e-01,3.897527544679361133e-01,4.751028953365579177e-01,7.796772043119172269e-01,6.438168778069021103e-01
7.325768851545012561e-01,7.231590217841992185e-01,3.897527544679361133e-01,8.944075636122940098e-01,4.239718093115277253e-01,4.432373956187054542e-01,3.947611030444689306e-01
1.664356781110691297e-01,4.910519614229984509e-01,4.751028953365579177e-01,4.239718093115277253e-01,4.725572770042713033e-01,5.940439763470344303e-01,7.347054036424119916e-01
6.651588988733596608e-01,9.487526170460497399e-01,7.796772043119172269e-01,4.432373956187054542e-01,5.940439763470344303e-01,6.813637076348438848e-01,4.324936957928114389e-01
6.976315539684496692e-01,1.039325447590193630e-01,6.438168778069021103e-01,3.947611030444689306e-01,7.347054036424119916e-01,4.324936957928114389e-01,9.267508809441603601e-01
