6.261309682360943762e-01,5.889276128871369087e-01,3.666948493211941162e-02,1.507392747523401133e-01,7.528948313931318470e-01,7.723949351568315524e-01
5.889276128871369087e-01,6.343110819636734732e-01,5.330401695806703533e-01,8.337559308401478742e-01,5.049188119387237883e-01,3.354504573793272160e-01
3.666948493211941162e-02,5.330401695806703533e-01,6.819886147329162762e-01,2.180669700137589651e-01,6.218988724595935214e-01,4.676779152533535600e-01
1.507392747523401133e-01,8.337559308401478742e-01,2.180669700137589651e-01,9.607812471151840894e-01,8.311059495375671125e-01,5.194871525626166830e-01
7.528948313931318470e-01,5.049188119387237883e-01,6.218988724595935214e-01,8.311059495375671125e-01,8.057963729621551163e-01,2.718359070229515173e-01
7.723949351568315524e-01,3.354504573793272160e-01,4.676779152533535600e-01,5.194871525626166830e-01,2.718359070229515173e-01,4.024716406412354175e-02
