7.118955331406104925e-01,6.060802468622004113e-01,3.681437725978111142e-01,4.443223141750425875e-01,7.730025743502431101e-01,2.200864983805840835e-01
6.060802468622004113e-01,3.088909918342074290e-01,7.410169553150746102e-01,7.159419968760301067e-01,4.598989614412216653e-01,6.536946733498749662e-01
3.681437725978111142e-01,7.410169553150746102e-01,6.630599704443007614e-02,1.795297320404620756e-01,4.845935404227278420e-01,4.551601705601128756e-01
4.443223141750425875e-01,7.159419968760301067e-01,1.795297320404620756e-01,5.537944452454859334e-01,4.235797400876358254e-01,4.393169510146500145e-01
7.730025743502431101e-01,4.598989614412216653e-01,4.845935404227278420e-01,4.235797400876358254e-01,7.231957045613092161e-01,5.448498771522852779e-01
2.200864983805840835e-01,6.536946733498749662e-01,4.551601705601128756e-01,4.393169510146500145e-01,5.448498771522852779e-01,2.966722643684136518e-01
