1.420306202445986710e-01,3.607275903595705269e-01,3.568499690642233380e-01,7.203980734750590198e-01,7.280246114873092367e-01,3.246634752168713889e-01
3.607275903595705269e-01,8.147436295766989911e-01,2.243241080730755121e-01,3.693841619136177812e-01,5.354737051416167404e-01,8.674996410737845220e-01
3.568499690642233380e-01,2.243241080730755121e-01,1.964537441248067617e-01,3.179934733755966914e-01,8.065670884673519225e-01,9.120122801901160425e-01
7.203980734750590198e-01,3.693841619136177812e-01,3.179934733755966914e-01,5.050973260482857219e-01,4.594433371059955529e-01,5.301996946760929585e-01
7.280246114873092367e-01,5.354737051416167404e-01,8.065670884673519225e-01,4.594433371059955529e-01,8.316650277267023661e-03,4.835080479402885101e-01
3.246634752168713889e-01,8.674996410737845220e-01,9.120122801901160425e-01,5.301996946760929585e-01,4.835080479402885101e-01,6.321640368242427144e-01
