6.159398487569929248e-01,7.268609807613064522e-01,6.377670125045673544e-01,3.708517076073359897e-01,2.203967162524271273e-01,4.423639679630939070e-01
7.268609807613064522e-01,8.296250255584347588e-01,2.122917118594311869e-01,6.472429673426207675e-01,3.840151393615296449e-01,6.963711428181236229e-01
6.377670125045673544e-01,2.122917118594311869e-01,7.059381122962363753e-01,1.110973659773773492e-01,5.420209717396278215e-01,3.035242304944980041e-01
3.708517076073359897e-01,6.472429673426207675e-01,1.110973659773773492e-01,9.614127408458735813e-01,5.208757704627109408e-01,6.375686100464366124e-01
2.203967162524271273e-01,3.840151393615296449e-01,5.420209717396278215e-01,5.208757704627109408e-01,1.159103766245817013e-02,1.966204916035980133e-01
4.423639679630939070e-01,6.963711428181236229e-01,3.035242304944980041e-01,6.375686100464366124e-01,1.966204916035980133e-01,3.281173220581303784e-01
