2.412125416803717615e-01,6.993646056714774017e-01,4.320171014897087880e-01,5.038100483564844634e-01,4.401660127734110528e-01,5.736774207505140888e-01
6.993646056714774017e-01,7.810955129136881725e-01,5.665286962837839946e-01,3.421594727941746905e-01,3.558961947048654428e-01,5.827227065096955982e-01
4.320171014897087880e-01,5.665286962837839946e-01,1.827768268085872005e-02,5.299777049912630655e-01,4.001052336502678997e-01,4.987765029502380654e-01
5.038100483564844634e-01,3.421594727941746905e-01,5.299777049912630655e-01,6.226967976590602749e-02,1.300465157146538098e-01,4.935962544375042671e-01
4.401660127734110528e-01,3.558961947048654428e-01,4.001052336502678997e-01,1.300465157146538098e-01,6.042267475284198719e-01,5.471523462781175962e-01
5.736774207505140888e-01,5.827227065096955982e-01,4.987765029502380654e-01,4.935962544375042671e-01,5.471523462781175962e-01,7.368868682925654445e-01
