6.882710415940798132e-01,5.933271017554184734e-01,4.089307306795744723e-01,3.475008290844128767e-01,9.222199317802959317e-01,5.798710544782881282e-01
5.933271017554184734e-01,5.106058878829254910e-01,6.051293823108876424e-01,4.323462312688255427e-01,4.625478781633636793e-01,4.093235820379794720e-01
4.089307306795744723e-01,6.051293823108876424e-01,4.111158896283712005e-01,7.970199851863998264e-01,2.406948002516102747e-01,6.733748328478272871e-02
3.475008290844128767e-01,4.323462312688255427e-01,7.970199851863998264e-01,8.732716103679135644e-01,4.081055544181204642e-01,2.892812355892926957e-01
9.222199317802959317e-01,4.625478781633636793e-01,2.406948002516102747e-01,4.081055544181204642e-01,6.261356582397027415e-01,4.181638866261267462e-01
5.798710544782881282e-01,4.093235820379794720e-01,6.733748328478272871e-02,2.892812355892926957e-01,4.181638866261267462e-01,2.730093417478949291e-01
