2.423610851104498476e-01,5.601562889267737155e-01,3.157050047673785054e-01,5.036925666813563129e-01,8.387614455031681127e-01,4.752718385341010432e-01,4.666667424148159826e-01
5.601562889267737155e-01,2.254375941230224445e-02,5.398903073939715913e-01,4.215471578140445597e-01,4.042479854075628487e-01,4.173580005000483983e-01,3.658786720444651697e-01
3.157050047673785054e-01,5.398903073939715913e-01,6.375976833760907958e-01,3.376582277032834645e-01,8.912091576074241406e-01,6.681629715292255467e-01,3.888716527636484344e-01
5.036925666813563129e-01,4.215471578140445597e-01,3.376582277032834645e-01,1.928705729445797656e-01,4.986235086641360170e-01,6.051485663390485659e-01,7.466643019648031565e-01
8.387614455031681127e-01,4.042479854075628487e-01,8.912091576074241406e-01,4.986235086641360170e-01,7.152027267978258163e-01,7.947548434039817256e-01,5.646607866513375651e-01
4.752718385341010432e-01,4.173580005000483983e-01,6.681629715292255467e-01,6.051485663390485659e-01,7.947548434039817256e-01,3.334992184985173802e-01,4.820914547917428128e-01
4.666667424148159826e-01,3.658786720444651697e-01,3.888716527636484344e-01,7.466643019648031565e-01,5.646607866513375651e-01,4.820914547917428128e-01,7.819626027940774771e-01
