6.981982332344012221e-01,2.967410227775341691e-01,5.130867408766659477e-01,4.912256736401431345e-01,4.408140732130309547e-01,9.359537398649975248e-01
2.967410227775341691e-01,5.130327642666976384e-02,3.878896330467300757e-01,2.315885914393446265e-01,4.501220649897652026e-01,4.593049441087165841e-01
5.130867408766659477e-01,3.878896330467300757e-01,6.590735217237190247e-01,2.062583305259095834e-01,3.969072423432861707e-01,7.793212943234220091e-01
4.912256736401431345e-01,2.315885914393446265e-01,2.062583305259095834e-01,6.368622508750749756e-01,7.170928647560528280e-01,3.939761073661025015e-01
4.408140732130309547e-01,4.501220649897652026e-01,3.969072423432861707e-01,7.170928647560528280e-01,3.145358098834752925e-01,5.027617620415730793e-01
9.359537398649975248e-01,4.593049441087165841e-01,7.793212943234220091e-01,3.939761073661025015e-01,5.027617620415730793e-01,2.030626842646129360e-01
