7.788502262420281541e-01,2.956779872355388972e-01,9.228581038732208697e-01,2.868518921100616237e-01,3.434781387267244468e-01,6.799805546619801522e-01,5.040672692767642626e-01
2.956779872355388972e-01,6.815750795120328887e-01,2.166346922232254002e-01,5.051073844408187075e-01,8.555802287189764321e-01,5.712505763311993556e-01,2.251280600055075021e-01
9.228581038732208697e-01,2.166346922232254002e-01,2.211438392010919296e-01,7.849730194962497576e-01,4.755331932890562441e-01,7.876811440258134622e-01,4.873331887262866702e-01
2.868518921100616237e-01,5.051073844408187075e-01,7.849730194962497576e-01,7.197913368485142627e-02,7.118561920683557087e-01,5.111475398196252407e-01,4.649902235336946243e-01
3.434781387267244468e-01,8.555802287189764321e-01,4.755331932890562441e-01,7.118561920683557087e-01,4.386031160284383779e-01,2.071751438328416350e-01,5.778671654819941272e-01
6.799805546619801522e-01,5.712505763311993556e-01,7.876811440258134622e-01,5.111475398196252407e-01,2.071751438328416350e-01,3.688239224004182804e-01,1.419541812348600329e-01
5.040672692767642626e-01,2.251280600055075021e-01,4.873331887262866702e-01,4.649902235336946243e-01,5.778671654819941272e-01,1.419541812348600329e-01,1.632760796545404958e-01
