4.797604358647945544e-01,9.540504533897660178e-01,6.646049514898149102e-01,5.400779124671957199e-01,1.669980057903941995e-01,6.423880421858514378e-01,4.506296337489494874e-01
9.540504533897660178e-01,5.551470309446687734e-01,3.113948841141294666e-01,7.569677623680184375e-01,8.495227731267769311e-01,7.006005482989374755e-01,2.789984091871703931e-01
6.646049514898149102e-01,3.113948841141294666e-01,4.572733646618233339e-01,8.000280278826839009e-01,5.470686496810264199e-01,4.849591233194121553e-01,1.875910672107144461e-01
5.400779124671957199e-01,7.569677623680184375e-01,8.000280278826839009e-01,3.590970291843751383e-01,4.382688552362869472e-01,6.315100971564202581e-01,4.726599263762608083e-01
1.669980057903941995e-01,8.495227731267769311e-01,5.470686496810264199e-01,4.382688552362869472e-01,1.034281117590646337e-01,4.942529450026864613e-01,7.858266809530420893e-01
6.423880421858514378e-01,7.006005482989374755e-01,4.849591233194121553e-01,6.315100971564202581e-01,4.942529450026864613e-01,9.212836100013291896e-01,5.331245249978017187e-02
4.506296337489494874e-01,2.789984091871703931e-01,1.875910672107144461e-01,4.726599263762608083e-01,7.858266809530420893e-01,5.331245249978017187e-02,4.362099520340146919e-01
