8.150414008417934397e-01,6.090501324853041520e-01,3.170044985723662889e-01,2.406819554469789568e-01,3.959367635824851961e-01,4.108995363141208501e-01
6.090501324853041520e-01,6.134857624903740092e-01,6.875570301448953314e-01,9.018731822010748189e-01,5.758955070495831441e-01,5.056663742204098311e-01
3.170044985723662889e-01,6.875570301448953314e-01,4.677348757509681709e-01,4.303040207120417127e-01,3.910315116883489317e-01,4.934626998383839225e-01
2.406819554469789568e-01,9.018731822010748189e-01,4.303040207120417127e-01,5.016951571375771746e-01,7.041308656716644965e-01,4.310695782543298438e-01
3.959367635824851961e-01,5.758955070495831441e-01,3.910315116883489317e-01,7.041308656716644965e-01,7.442996923596564285e-01,5.840037667643189767e-01
4.108995363141208501e-01,5.056663742204098311e-01,4.934626998383839225e-01,4.310695782543298438e-01,5.840037667643189767e-01,9.420573966454502957e-01
