2.341787879677645901e-01,5.088695687535270684e-01,7.341985110563022943e-01,5.965156411038079476e-01,1.061150491772025473e-01,4.018511149896343282e-01
5.088695687535270684e-01,9.345992474525276483e-01,5.814758689822194793e-01,5.760295839817058949e-01,3.433818989417578016e-01,1.267421945454431098e-01
7.341985110563022943e-01,5.814758689822194793e-01,7.121944884779396467e-02,6.418960868674894460e-01,4.657555176898407479e-01,2.599661214908602913e-01
5.965156411038079476e-01,5.760295839817058949e-01,6.418960868674894460e-01,9.481943144864788398e-01,3.872105882473683702e-01,1.660750785021082865e-01
1.061150491772025473e-01,3.433818989417578016e-01,4.657555176898407479e-01,3.872105882473683702e-01,8.046393733337257048e-01,9.089499931266979971e-01
4.018511149896343282e-01,1.267421945454431098e-01,2.599661214908602913e-01,1.660750785021082865e-01,9.089499931266979971e-01,5.545233778145611803e-01
