3.457991579207519983e-02,9.033985614252522112e-01,8.019924023629381171e-01,4.201740964463462347e-01,5.193388599211993251e-01,2.617433060612730511e-01
9.033985614252522112e-01,5.543332195903509785e-01,6.370324015739032841e-01,2.526014790326206461e-01,4.608530988669424233e-01,7.298953590374210876e-01
8.019924023629381171e-01,6.370324015739032841e-01,6.095819637164342497e-01,4.157520342289022230e-01,2.921623286329180780e-01,6.079510104816465699e-01
4.201740964463462347e-01,2.526014790326206461e-01,4.157520342289022230e-01,6.457463212231151495e-01,5.860355478663777928e-01,7.810854060749481409e-01
5.193388599211993251e-01,4.608530988669424233e-01,2.921623286329180780e-01,5.860355478663777928e-01,2.575940871300244073e-01,1.906889366071092273e-01
2.617433060612730511e-01,7.298953590374210876e-01,6.079510104816465699e-01,7.810854060749481409e-01,1.906889366071092273e-01,6.551135735822927186e-01
