5.184012993694779858e-01,6.277338361501225705e-01,5.456925946568561558e-01,7.015976798188680030e-01,6.163728019158273286e-01,3.775463891998068755e-01
6.277338361501225705e-01,1.917918213167888464e-01,4.488268178161514688e-01,4.287383914910224414e-01,8.124800142851156259e-01,9.248695276248890540e-01
5.456925946568561558e-01,4.488268178161514688e-01,6.575893704601266654e-01,2.760578220480605083e-01,3.414649060552550908e-01,5.375769039030815488e-01
7.015976798188680030e-01,4.287383914910224414e-01,2.760578220480605083e-01,7.166078312852806054e-01,6.355769167176301693e-01,4.046706774174318455e-01
6.163728019158273286e-01,8.124800142851156259e-01,3.414649060552550908e-01,6.355769167176301693e-01,6.739771487521208915e-01,5.491384992446828317e-01
3.775463891998068755e-01,9.248695276248890540e-01,5.375769039030815488e-01,4.046706774174318455e-01,5.491384992446828317e-01,1.798693388281333849e-01
