7.009912240843825249e-01,4.880105452188635562e-01,6.432320867386487340e-01,4.525402309658545508e-01,4.480041464918207428e-01,5.837967769870994195e-01
4.880105452188635562e-01,7.966656198574034731e-01,5.658910833530934603e-01,5.395065191850358932e-01,5.373433790182707837e-01,1.667528798883983199e-01
6.432320867386487340e-01,5.658910833530934603e-01,1.500250045197637494e-02,4.164907997678043983e-01,2.121529519286848853e-01,6.542592167236176426e-01
4.525402309658545508e-01,5.395065191850358932e-01,4.164907997678043983e-01,1.976094664499350451e-01,8.589211165514123447e-01,7.366317213950297482e-01
4.480041464918207428e-01,5.373433790182707837e-01,2.121529519286848853e-01,8.589211165514123447e-01,8.867247968170466343e-01,2.884659550059657795e-01
5.837967769870994195e-01,1.667528798883983199e-01,6.542592167236176426e-01,7.366317213950297482e-01,2.884659550059657795e-01,2.379008812842061671e-01
