2.892980135676848086e-02,3.688383453160037906e-01,2.569696154396733934e-01,5.079809318066368373e-01,3.106411754035913741e-01,6.540602971240547792e-01,6.018700909896823603e-02
3.688383453160037906e-01,1.392101008677284479e-01,5.217719674989220735e-01,9.294487034665637193e-01,7.810724393239152352e-01,4.580551691257687685e-01,6.664670928676430517e-01
2.569696154396733934e-01,5.217719674989220735e-01,5.915960658202188416e-01,7.171010693254644686e-01,5.722376275773495280e-01,2.828781275948022977e-01,3.639815112206247760e-01
5.079809318066368373e-01,9.294487034665637193e-01,7.171010693254644686e-01,3.438424421708775602e-01,3.869519772280470837e-01,6.619303703122632054e-01,5.726123740868471756e-02
3.106411754035913741e-01,7.810724393239152352e-01,5.722376275773495280e-01,3.869519772280470837e-01,5.117557154130041308e-01,6.217103819422156175e-01,7.416788512353909013e-01
6.540602971240547792e-01,4.580551691257687685e-01,2.828781275948022977e-01,6.619303703122632054e-01,6.217103819422156175e-01,3.409388687940386742e-01,9.056346995964359436e-01
6.018700909896823603e-02,6.664670928676430517e-01,3.639815112206247760e-01,5.726123740868471756e-02,7.416788512353909013e-01,9.056346995964359436e-01,6.572822539256272245e-01
