1.470934620221232558e-01,8.068501875991085370e-01,3.999754230655125919e-01,5.172544944818063817e-01,6.274453097700076754e-01,7.537022167910745196e-01
8.068501875991085370e-01,9.427184683406112375e-01,4.051486833726203884e-01,4.509147386887409348e-01,3.235654705200445291e-01,4.719067959500293230e-01
3.999754230655125919e-01,4.051486833726203884e-01,5.347132864980912448e-01,5.620732709562462626e-01,2.379876433522447043e-01,4.163413771678376452e-01
5.172544944818063817e-01,4.509147386887409348e-01,5.620732709562462626e-01,1.352876242993050759e-02,6.012657152252304238e-01,3.367552836054111265e-01
6.274453097700076754e-01,3.235654705200445291e-01,2.379876433522447043e-01,6.012657152252304238e-01,5.848213250576127509e-01,3.735977321030132248e-01
7.537022167910745196e-01,4.719067959500293230e-01,4.163413771678376452e-01,3.367552836054111265e-01,3.735977321030132248e-01,3.350142380744879356e-01
