9.722594496966675548e-01,3.444166165056249951e-01,5.521095003775923216e-01,2.802576580399718242e-02,6.565961266421090903e-01,6.883142547121096078e-02,4.054794195049973848e-01
3.444166165056249951e-01,7.051991476708054929e-01,3.985145403949402754e-01,7.958455889660319693e-01,4.451381337793311466e-01,6.303855436659646649e-01,2.895922793860853384e-01
5.521095003775923216e-01,3.985145403949402754e-01,1.443035142449049513e-01,5.645058042773306584e-01,2.746982410093625204e-01,3.082405806514998958e-01,1.172828424199696129e-01
2.802576580399718242e-02,7.958455889660319693e-01,5.645058042773306584e-01,6.652099952624990209e-02,8.392139297399026088e-01,1.147630341069930116e-01,2.764606415409262552e-01
6.565961266421090903e-01,4.451381337793311466e-01,2.746982410093625204e-01,8.392139297399026088e-01,5.960008304425727932e-01,1.817762938399558603e-01,2.341831509363418995e-01
6.883142547121096078e-02,6.303855436659646649e-01,3.082405806514998958e-01,1.147630341069930116e-01,1.817762938399558603e-01,6.536211017466652118e-01,4.814938239092889649e-01
4.054794195049973848e-01,2.895922793860853384e-01,1.172828424199696129e-01,2.764606415409262552e-01,2.341831509363418995e-01,4.814938239092889649e-01,5.804192177295819377e-02
