7.882359439700109549e-01,9.060035523587757211e-01,5.865240112690413010e-01,1.880114752507641152e-01,7.032961545603831910e-01,4.466169071453572892e-01
9.060035523587757211e-01,7.991079436427338534e-01,8.018313491099825496e-01,7.610576938221891297e-02,6.652688450409021126e-01,6.249129904638497379e-01
5.865240112690413010e-01,8.018313491099825496e-01,7.842039644777224483e-01,5.071860699946131312e-01,5.720002886027224509e-01,4.319567031240760246e-01
1.880114752507641152e-01,7.610576938221891297e-02,5.071860699946131312e-01,2.269312316594547241e-01,6.842273484404504114e-01,7.373166915789293174e-01
7.032961545603831910e-01,6.652688450409021126e-01,5.720002886027224509e-01,6.842273484404504114e-01,6.016729699609129067e-01,8.099740774610277860e-01
4.466169071453572892e-01,6.249129904638497379e-01,4.319567031240760246e-01,7.373166915789293174e-01,8.099740774610277860e-01,9.862132380065702364e-01
