9.847603687909619596e-01,6.723638261182324216e-01,4.127506881318043219e-01,1.270737288739610671e-01,3.535168394826360694e-01,6.212051796943596216e-01
6.723638261182324216e-01,2.551421681308123635e-01,1.836842732897802088e-01,5.359578533720457116e-01,7.852239367586471008e-01,3.567713036122285297e-01
4.127506881318043219e-01,1.836842732897802088e-01,1.393657407227522071e-01,6.590971549542401497e-01,3.455954374371920657e-01,6.364492918371849051e-01
1.270737288739610671e-01,5.359578533720457116e-01,6.590971549542401497e-01,7.519300401870189221e-01,6.222302942707842455e-01,2.503602451883389923e-01
3.535168394826360694e-01,7.852239367586471008e-01,3.455954374371920657e-01,6.222302942707842455e-01,1.109008491823355591e-01,8.082674553664834782e-01
6.212051796943596216e-01,3.567713036122285297e-01,6.364492918371849051e-01,2.503602451883389923e-01,8.082674553664834782e-01,6.197358673314967703e-02
