8.694256766944996606e-01,3.068389693111747696e-01,5.934346484843994185e-01,4.685738145586659242e-01,4.461804212011181714e-01,6.300127848151463317e-01
3.068389693111747696e-01,1.070558934954968233e-01,4.073155073893574563e-01,6.168663090047190600e-01,4.439985756125391370e-01,5.373195249153660535e-01
5.934346484843994185e-01,4.073155073893574563e-01,4.995884002938817403e-01,4.404598933765584423e-01,5.952006827695615065e-01,6.693478863206459017e-02
4.685738145586659242e-01,6.168663090047190600e-01,4.404598933765584423e-01,2.213143115380559189e-01,3.971381630889582737e-01,4.408349850296226502e-01
4.461804212011181714e-01,4.439985756125391370e-01,5.952006827695615065e-01,3.971381630889582737e-01,9.284065397547935916e-02,6.769645649564176582e-02
6.300127848151463317e-01,5.373195249153660535e-01,6.693478863206459017e-02,4.408349850296226502e-01,6.769645649564176582e-02,7.179416931436237714e-01
