3.446862904215771684e-01,5.073476458507647502e-01,1.998803863753194077e-01,4.914999297403868095e-01,8.126845960707237415e-01,1.894963377860416354e-01
5.073476458507647502e-01,4.591173998965577541e-01,6.863225238699609543e-01,2.230583282807009349e-01,3.994010463074925688e-01,4.722961162445105110e-01
1.998803863753194077e-01,6.863225238699609543e-01,6.295181695200130489e-01,6.912671381516941604e-01,8.741877499556579556e-01,2.543448122844768622e-01
4.914999297403868095e-01,2.230583282807009349e-01,6.912671381516941604e-01,1.441836372634723862e-01,5.133673149627617782e-01,4.060489746099081310e-01
8.126845960707237415e-01,3.994010463074925688e-01,8.741877499556579556e-01,5.133673149627617782e-01,3.816760515757958716e-01,5.755316121696343323e-01
1.894963377860416354e-01,4.722961162445105110e-01,2.543448122844768622e-01,4.060489746099081310e-01,5.755316121696343323e-01,3.061527359548422700e-01
