3.777728103656389225e-01,7.290004819425217608e-01,6.291665127313279537e-01,2.878784914584291976e-01,7.683862940859316204e-01,3.379294905332244636e-01
7.290004819425217608e-01,1.300730105031806527e-01,9.320537728728508498e-01,6.841305854195218750e-01,8.416385561670127746e-01,5.341189232204217596e-01
6.291665127313279537e-01,9.320537728728508498e-01,4.659422789668554721e-02,7.798320608005201438e-01,4.415573590339927912e-01,3.955043739738284825e-01
2.878784914584291976e-01,6.841305854195218750e-01,7.798320608005201438e-01,3.063905510440397828e-01,4.206281417500218334e-01,4.738597151661572138e-01
7.683862940859316204e-01,8.416385561670127746e-01,4.415573590339927912e-01,4.206281417500218334e-01,8.179161643249081015e-01,2.228481319947936967e-01
3.379294905332244636e-01,5.341189232204217596e-01,3.955043739738284825e-01,4.738597151661572138e-01,2.228481319947936967e-01,5.658944591460974838e-01
