6.226515759325645938e-02,6.286260912465868600e-01,4.099117119638591156e-01,1.320528188338395692e-01,5.996837962457324256e-01,2.255538602844045504e-01
6.286260912465868600e-01,3.683989772770979165e-01,8.137420771283401244e-01,3.597295650199699435e-01,8.661155056872943403e-01,4.849431838727716326e-01
4.099117119638591156e-01,8.137420771283401244e-01,3.919294155458418194e-01,3.249164823069209951e-01,5.823639649471383795e-01,7.312357252205469171e-01
1.320528188338395692e-01,3.597295650199699435e-01,3.249164823069209951e-01,3.810097822159037584e-01,4.661953803368140692e-01,6.030451196350025134e-01
5.996837962457324256e-01,8.661155056872943403e-01,5.823639649471383795e-01,4.661953803368140692e-01,4.815705250764300560e-01,8.439255626003279165e-01
2.255538602844045504e-01,4.849431838727716326e-01,7.312357252205469171e-01,6.030451196350025134e-01,8.439255626003279165e-01,3.654375102531393082e-02
