6.175129606764918622e-01,4.767108726037124766e-01,4.934276816503961882e-01,5.777576700632556239e-01,6.511890516235606663e-01,5.457533186713265927e-01
4.767108726037124766e-01,9.976916617489066663e-01,6.628701511643005917e-01,7.259853920544917516e-01,2.886799596105304455e-01,6.669404321195121499e-01
4.934276816503961882e-01,6.628701511643005917e-01,9.028256084627986899e-01,4.514043563242569057e-01,7.368904539910527962e-01,5.311643801216192617e-01
5.777576700632556239e-01,7.259853920544917516e-01,4.514043563242569057e-01,7.294875748920404135e-02,3.710103787998084157e-01,5.134049425813462797e-01
6.511890516235606663e-01,2.886799596105304455e-01,7.368904539910527962e-01,3.710103787998084157e-01,1.419325542165852383e-01,5.071734363460002060e-01
5.457533186713265927e-01,6.669404321195121499e-01,5.311643801216192617e-01,5.134049425813462797e-01,5.071734363460002060e-01,6.953310044474042551e-01
