7.124209264929223240e-01,3.751671553045429208e-01,7.102246472177755621e-01,2.254958341025078417e-01,7.017170796729209625e-01,5.309824549803325855e-01
3.751671553045429208e-01,2.897421207489739858e-01,5.717759140378301241e-01,5.332241217537634359e-01,3.822743912721522919e-01,6.576461791338439333e-01
7.102246472177755621e-01,5.717759140378301241e-01,5.735620474900940957e-01,3.803093618497371264e-01,8.421927678654400617e-02,3.183677875159905968e-01
2.254958341025078417e-01,5.332241217537634359e-01,3.803093618497371264e-01,3.170036098527521107e-01,6.949230805060061522e-01,6.566485943886901655e-01
7.017170796729209625e-01,3.822743912721522919e-01,8.421927678654400617e-02,6.949230805060061522e-01,2.744740088625124974e-01,7.174381345828084733e-01
5.309824549803325855e-01,6.576461791338439333e-01,3.183677875159905968e-01,6.566485943886901655e-01,7.174381345828084733e-01,5.322236111068008313e-01
