1.175296490551467343e-01,4.039144280701720269e-01,8.619250231293180686e-01,5.144477531094171496e-01,8.835235307012893058e-01,7.094144115549692042e-01
4.039144280701720269e-01,5.723351213157934492e-01,4.186577823929522046e-01,3.251748805519539265e-01,3.020101331228698394e-01,6.076917273198645386e-01
8.619250231293180686e-01,4.186577823929522046e-01,2.414303442959774282e-01,2.668049879672822478e-01,2.947574622095887054e-01,2.543078955218034953e-01
5.144477531094171496e-01,3.251748805519539265e-01,2.668049879672822478e-01,6.521337224022261125e-01,2.586428997480097469e-01,3.991654261613870602e-01
8.835235307012893058e-01,3.020101331228698394e-01,2.947574622095887054e-01,2.586428997480097469e-01,8.331944959977639620e-01,4.249657856527563338e-01
7.094144115549692042e-01,6.076917273198645386e-01,2.543078955218034953e-01,3.991654261613870602e-01,4.249657856527563338e-01,6.855661515154389818e-01
