6.957042216783333455e-01,5.279879923367974959e-01,2.671513161688163773e-01,7.286030042779990668e-01,6.784553909453363563e-01,5.603115616163925061e-01
5.279879923367974959e-01,8.478645125760136958e-01,2.573948670789895643e-01,4.622613186235320915e-01,2.498861038702872572e-01,5.595887593346082767e-01
2.671513161688163773e-01,2.573948670789895643e-01,1.789186797709739762e-01,6.670356242721251494e-01,4.118657318380068988e-01,3.786410472204158606e-01
7.286030042779990668e-01,4.622613186235320915e-01,6.670356242721251494e-01,1.598581227604094490e-01,6.444370991071750598e-01,7.222415914591726604e-01
6.784553909453363563e-01,2.498861038702872572e-01,4.118657318380068988e-01,6.444370991071750598e-01,1.019661859483637079e-01,4.963321864255307858e-01
5.603115616163925061e-01,5.595887593346082767e-01,3.786410472204158606e-01,7.222415914591726604e-01,4.963321864255307858e-01,9.449251091531425395e-01
