7.435522833555697764e-01,7.837081181835924282e-01,5.385894341086423509e-01,4.611348900721736754e-01,8.171330942397452279e-01,2.993350242316035748e-01
7.837081181835924282e-01,5.699529032734222955e-01,4.125858468375990795e-01,7.124108897793230977e-01,2.834154852159703197e-01,4.558337024730023113e-01
5.385894341086423509e-01,4.125858468375990795e-01,3.938319233488256632e-01,5.661813522683407651e-01,5.250263630906724099e-01,5.523155162117564521e-01
4.611348900721736754e-01,7.124108897793230977e-01,5.661813522683407651e-01,1.086657834244053600e-01,2.327878507255252138e-01,7.468638596612304781e-01
8.171330942397452279e-01,2.834154852159703197e-01,5.250263630906724099e-01,2.327878507255252138e-01,6.865209111011058019e-01,5.032265576546288699e-01
2.993350242316035748e-01,4.558337024730023113e-01,5.523155162117564521e-01,7.468638596612304781e-01,5.032265576546288699e-01,4.819970687740814386e-01
