3.670599833191052763e-01,2.684620577232211813e-01,3.861767297186082248e-01,6.059119330103306389e-01,6.305682314595492111e-01,3.652672897304866106e-01,5.549305534139756801e-01
2.684620577232211813e-01,3.810467053884941668e-01,4.452585889702398436e-01,2.126681363006312497e-01,1.319175358628701389e-01,8.229860188323945280e-01,6.972960562361638637e-01
3.861767297186082248e-01,4.452585889702398436e-01,7.548398553993760363e-01,2.745902399578417641e-01,6.959600407747311701e-01,2.686965474203126258e-01,4.519432797425756432e-01
6.059119330103306389e-01,2.126681363006312497e-01,2.745902399578417641e-01,7.535049027850403425e-01,2.498353613625510228e-01,3.648641540085680868e-01,5.047114841799033025e-01
6.305682314595492111e-01,1.319175358628701389e-01,6.959600407747311701e-01,2.498353613625510228e-01,7.687834132758559758e-01,6.660543752819674257e-01,5.381332044790476665e-02
3.652672897304866106e-01,8.229860188323945280e-01,2.686965474203126258e-01,3.648641540085680868e-01,6.660543752819674257e-01,1.508475203027592748e-01,8.955004740734426871e-01
5.549305534139756801e-01,6.972960562361638637e-01,4.519432797425756432e-01,5.047114841799033025e-01,5.381332044790476665e-02,8.955004740734426871e-01,7.353798293077705717e-01
