6.310964124472498993e-01,5.862883459932838326e-01,7.663192962501463867e-01,4.965060104086308490e-01,4.989090297204968882e-01,9.530676949326846170e-01
5.862883459932838326e-01,7.802996425660413404e-01,5.768490608362057959e-01,5.716745498761445221e-01,9.735053558949086083e-02,3.327234370015028087e-01
7.663192962501463867e-01,5.768490608362057959e-01,9.860761220082031597e-01,4.442694711145508402e-01,7.269186411020280847e-01,2.093972764444301804e-01
4.965060104086308490e-01,5.716745498761445221e-01,4.442694711145508402e-01,4.737195010614462243e-01,2.489874926895461194e-01,6.648494965190683281e-01
4.989090297204968882e-01,9.735053558949086083e-02,7.269186411020280847e-01,2.489874926895461194e-01,9.249738541149145066e-01,7.424253208468406529e-01
9.530676949326846170e-01,3.327234370015028087e-01,2.093972764444301804e-01,6.648494965190683281e-01,7.424253208468406529e-01,5.327581161727596992e-01
