3.432984103054188552e-01,2.105316924422245273e-01,6.626020312633538190e-01,7.077203915395371414e-01,4.257419356276815892e-01,4.477343735835555560e-01
2.105316924422245273e-01,7.748449970382452756e-01,6.705048433477343028e-01,4.784804853474620701e-01,5.882310562920045616e-01,7.576786729343619742e-01
6.626020312633538190e-01,6.705048433477343028e-01,7.893918825919010729e-01,5.211980351975138426e-01,3.913394196660288649e-01,7.392737767050474584e-01
7.077203915395371414e-01,4.784804853474620701e-01,5.211980351975138426e-01,4.535674688063745519e-01,6.395510237085844096e-01,5.539095547202868008e-01
4.257419356276815892e-01,5.882310562920045616e-01,3.913394196660288649e-01,6.395510237085844096e-01,3.779289553637976695e-02,6.844392474739358079e-01
4.477343735835555560e-01,7.576786729343619742e-01,7.392737767050474584e-01,5.539095547202868008e-01,6.844392474739358079e-01,8.455831452333558707e-01
