6.602748905628368359e-01,4.525637320961140575e-01,8.431457143391617448e-01,3.300757370768026555e-01,3.528867481349122204e-01,5.927582222784102406e-01,4.991074008498546100e-01
4.525637320961140575e-01,6.879007964992037705e-01,6.102384769072793924e-01,6.572047460829433252e-01,5.362782768041629566e-01,3.613245424941045059e-01,5.137543371211089616e-02
8.431457143391617448e-01,6.102384769072793924e-01,2.921586682549361935e-01,4.891508238385149365e-01,9.263140962987446159e-01,1.094332069348690761e-01,1.158497844361772167e-01
3.300757370768026555e-01,6.572047460829433252e-01,4.891508238385149365e-01,1.078727645033021876e-01,5.870274145872703686e-01,2.592168777539413660e-01,3.640900391389324531e-01
3.528867481349122204e-01,5.362782768041629566e-01,9.263140962987446159e-01,5.870274145872703686e-01,3.887870237516329874e-01,4.326196467549482394e-01,3.247698308385751909e-01
5.927582222784102406e-01,3.613245424941045059e-01,1.094332069348690761e-01,2.592168777539413660e-01,4.326196467549482394e-01,3.500411206855806867e-01,4.154125745581282447e-01
4.991074008498546100e-01,5.137543371211089616e-02,1.158497844361772167e-01,3.640900391389324531e-01,3.247698308385751909e-01,4.154125745581282447e-01,5.440442256322532977e-01
