4.198670442083356491e-01,2.017028414460674268e-01,4.809176035088736922e-01,9.459015841585363127e-01,4.008359463437894399e-01,6.982091542365056469e-01
2.017028414460674268e-01,9.322842003057704163e-01,3.247546101266247653e-01,5.047851874259789984e-01,6.800028442531056427e-01,4.793007198692396109e-01
4.809176035088736922e-01,3.247546101266247653e-01,9.260114210081641373e-01,1.674948995869193213e-01,9.293479523162915257e-01,1.680489417719481793e-01
9.459015841585363127e-01,5.047851874259789984e-01,1.674948995869193213e-01,6.210169778544400998e-01,6.165653021958028557e-01,2.070566770084896202e-01
4.008359463437894399e-01,6.800028442531056427e-01,9.293479523162915257e-01,6.165653021958028557e-01,1.863110719135661064e-01,2.961214056672160089e-01
6.982091542365056469e-01,4.793007198692396109e-01,1.680489417719481793e-01,2.070566770084896202e-01,2.961214056672160089e-01,4.362322111338627906e-01
