8.658958553889930521e-01,4.684224006775564164e-01,7.293527553905914118e-01,1.951133507309804616e-01,1.918576735495692298e-01,6.231184038570444228e-01,5.440576141761561679e-01
4.684224006775564164e-01,2.174094660550933700e-01,6.067824780325679068e-01,1.030554455306575967e-01,6.317551491150458221e-02,3.130003875640076094e-01,6.043427516365083019e-01
7.293527553905914118e-01,6.067824780325679068e-01,2.446999786489131301e-01,6.014022602360300507e-01,6.141997723555123745e-01,4.472144107572144645e-01,8.015013305800732235e-01
1.951133507309804616e-01,1.030554455306575967e-01,6.014022602360300507e-01,1.146324033047161350e-01,5.072094150167310023e-01,2.780002123564792038e-01,1.365032642804575036e-01
1.918576735495692298e-01,6.317551491150458221e-02,6.141997723555123745e-01,5.072094150167310023e-01,9.877618320301246868e-01,1.976954240882357050e-01,1.902095143422874446e-01
6.231184038570444228e-01,3.130003875640076094e-01,4.472144107572144645e-01,2.780002123564792038e-01,1.976954240882357050e-01,8.123789188085424051e-01,6.059358944684574144e-01
5.440576141761561679e-01,6.043427516365083019e-01,8.015013305800732235e-01,1.365032642804575036e-01,1.902095143422874446e-01,6.059358944684574144e-01,1.463758543369280130e-01
