7.972383606932759159e-01,8.969345347355084375e-02,6.510955793126373958e-01,3.700248118665880881e-01,8.909208550253231440e-01,4.176771776103274658e-01
8.969345347355084375e-02,2.540903320178334868e-01,4.572348969311141320e-01,5.366010695220779780e-01,4.267855171426576666e-01,4.318998949330813963e-01
6.510955793126373958e-01,4.572348969311141320e-01,3.873230735796567847e-01,5.338777380802303130e-01,5.423636703018128724e-01,6.096432740862798294e-01
3.700248118665880881e-01,5.366010695220779780e-01,5.338777380802303130e-01,1.678088800103852973e-01,3.870935681522180705e-01,6.392236008042606610e-01
8.909208550253231440e-01,4.267855171426576666e-01,5.423636703018128724e-01,3.870935681522180705e-01,5.981959393674123326e-01,3.086847912047301912e-01
4.176771776103274658e-01,4.318998949330813963e-01,6.096432740862798294e-01,6.392236008042606610e-01,3.086847912047301912e-01,2.914412128150805081e-01
