2.312791067480602925e-01,1.081767617947935745e-01,5.230564238547450451e-01,6.542893402818199533e-01,3.910220710525990628e-01,1.523136797182592095e-01
1.081767617947935745e-01,3.779630435607558292e-01,5.788705830981429878e-01,5.879493357855747337e-01,3.177504715782841771e-01,2.879561361143727627e-01
5.230564238547450451e-01,5.788705830981429878e-01,8.164772828152250250e-01,6.830414805065365691e-01,3.123708058195309722e-01,4.406338096255671966e-01
6.542893402818199533e-01,5.879493357855747337e-01,6.830414805065365691e-01,8.593838554403300245e-01,4.442429473996665212e-01,8.237851112447260871e-01
3.910220710525990628e-01,3.177504715782841771e-01,3.123708058195309722e-01,4.442429473996665212e-01,3.656598581178098772e-01,7.180126862054287962e-01
1.523136797182592095e-01,2.879561361143727627e-01,4.406338096255671966e-01,8.237851112447260871e-01,7.180126862054287962e-01,8.815614291171706141e-01
