2.099245956391613266e-01,1.820913987197829709e-01,2.771183263105644889e-01,6.213066229463808376e-01,6.799963975492226975e-01,8.056266862297821740e-01
1.820913987197829709e-01,4.588167409775966155e-01,6.697533605836334392e-01,7.146320570197778332e-01,3.265079245042517564e-01,4.200158120820601804e-01
2.771183263105644889e-01,6.697533605836334392e-01,8.761860603511818502e-01,6.081184926554542569e-01,3.146138454512357741e-01,3.423016862889921019e-01
6.213066229463808376e-01,7.146320570197778332e-01,6.081184926554542569e-01,5.950426009944230765e-01,7.694372812516137028e-01,9.288331138391807684e-01
6.799963975492226975e-01,3.265079245042517564e-01,3.146138454512357741e-01,7.694372812516137028e-01,8.576726344469369767e-01,4.280199147009753902e-01
8.056266862297821740e-01,4.200158120820601804e-01,3.423016862889921019e-01,9.288331138391807684e-01,4.280199147009753902e-01,6.197841759171605069e-01
