3.348744594899555338e-02,5.074446297970720554e-01,3.455771070608356088e-01,8.439915058869206232e-01,1.529010469292588770e-01,6.848683933144383840e-01
5.074446297970720554e-01,9.901394249422696969e-01,5.615895507224043515e-01,6.286819521253530496e-01,2.397057688502505224e-01,5.590368149822537713e-01
3.455771070608356088e-01,5.615895507224043515e-01,2.983759275490611707e-01,7.756093920845301692e-01,3.966454620632514638e-02,5.322259531850892511e-01
8.439915058869206232e-01,6.286819521253530496e-01,7.756093920845301692e-01,4.151224340217141151e-02,2.893332942753785719e-01,2.540879707232744922e-01
1.529010469292588770e-01,2.397057688502505224e-01,3.966454620632514638e-02,2.893332942753785719e-01,5.742307346170515414e-01,8.864941945653714850e-02
6.848683933144383840e-01,5.590368149822537713e-01,5.322259531850892511e-01,2.540879707232744922e-01,8.864941945653714850e-02,7.098128036042475886e-01
