2.662168409423429916e-01,4.906294685928830335e-01,7.007690027374333663e-01,6.015244880456137588e-01,5.045089274177909644e-01,5.443813263575592032e-01
4.906294685928830335e-01,3.921668605999408808e-01,8.752764774213666055e-01,1.551552958984706021e-01,6.297130732221605243e-01,7.843582113285891833e-01
7.007690027374333663e-01,8.752764774213666055e-01,3.212979848336091626e-01,5.747288041500315803e-01,4.419054623234335843e-01,2.937337875672946796e-01
6.015244880456137588e-01,1.551552958984706021e-01,5.747288041500315803e-01,5.648421800025993367e-01,9.031507756434045131e-01,9.271815930960438656e-01
5.045089274177909644e-01,6.297130732221605243e-01,4.419054623234335843e-01,9.031507756434045131e-01,5.434432655514759292e-01,2.879588608178402787e-01
5.443813263575592032e-01,7.843582113285891833e-01,2.937337875672946796e-01,9.271815930960438656e-01,2.879588608178402787e-01,6.537869621831665645e-01
