9.223966679428327042e-01,4.507645445815275376e-01,3.785718735119898426e-01,1.810907652024720260e-01,4.125235063178963602e-01,7.105311758138859179e-01
4.507645445815275376e-01,3.082136565021549313e-01,4.624332606603046014e-01,4.538482139204261245e-01,5.968981748795414433e-01,3.397388836232584919e-01
3.785718735119898426e-01,4.624332606603046014e-01,2.109822598666053484e-01,4.098201387655626693e-01,7.889609411848954590e-01,2.440516602854085892e-01
1.810907652024720260e-01,4.538482139204261245e-01,4.098201387655626693e-01,7.031879611735436519e-01,4.846909402120089805e-01,2.306955591783267367e-01
4.125235063178963602e-01,5.968981748795414433e-01,7.889609411848954590e-01,4.846909402120089805e-01,6.679510435170049609e-01,3.311091062679695773e-01
7.105311758138859179e-01,3.397388836232584919e-01,2.440516602854085892e-01,2.306955591783267367e-01,3.311091062679695773e-01,6.226659514861767608e-01
