7.120818526731795828e-01,4.191561605754124953e-01,5.285383261507774488e-01,5.142935673814426067e-01,6.151580160548242304e-01,4.431805515475728541e-01
4.191561605754124953e-01,4.275497671257783017e-01,6.693244365497924564e-01,3.262590705521623002e-01,6.434102845903408863e-01,7.537762070028755090e-01
5.285383261507774488e-01,6.693244365497924564e-01,6.346235435199181207e-01,6.306147405426778541e-01,3.841462856156367400e-01,1.968609202621295351e-01
5.142935673814426067e-01,3.262590705521623002e-01,6.306147405426778541e-01,4.174712724522522400e-02,8.013402364243586984e-01,1.415687653804250656e-01
6.151580160548242304e-01,6.434102845903408863e-01,3.841462856156367400e-01,8.013402364243586984e-01,5.402235718018387756e-01,5.615457837924652251e-01
4.431805515475728541e-01,7.537762070028755090e-01,1.968609202621295351e-01,1.415687653804250656e-01,5.615457837924652251e-01,2.911959206407247480e-01
