6.555813306361305548e-01,6.212510194010754105e-01,1.154754465827270149e-01,9.330041521628242851e-01,4.629457855095511221e-01,7.475943378116303162e-01
6.212510194010754105e-01,2.913038704243199328e-01,6.454127025391487305e-01,7.773799501497924425e-01,2.933234523418086215e-01,7.031193057632847410e-01
1.154754465827270149e-01,6.454127025391487305e-01,5.656827244557801615e-01,4.708790239211711470e-01,1.180974683505431333e-01,6.173789336334277733e-01
9.330041521628242851e-01,7.773799501497924425e-01,4.708790239211711470e-01,5.499954713735974998e-01,8.543579878745619638e-01,4.305927135525917104e-01
4.629457855095511221e-01,2.933234523418086215e-01,1.180974683505431333e-01,8.543579878745619638e-01,4.474477076017571164e-01,6.493829542577564951e-01
7.475943378116303162e-01,7.031193057632847410e-01,6.173789336334277733e-01,4.305927135525917104e-01,6.493829542577564951e-01,6.485541823474145762e-01
