4.790131145090990028e-01,4.775829544480905686e-01,5.067330503069903402e-01,5.375229914698478328e-01,6.311696466576578457e-01,5.153536996233125667e-01
4.775829544480905686e-01,8.136402891345421162e-01,5.678250172168448628e-01,4.550948713594818451e-01,8.397383653540979598e-03,3.217784424483244310e-02
5.067330503069903402e-01,5.678250172168448628e-01,8.737362733320501729e-01,3.435520203413716112e-01,5.426523443605606456e-01,4.842627339625186211e-01
5.375229914698478328e-01,4.550948713594818451e-01,3.435520203413716112e-01,3.165060329562369157e-01,5.575026082903797864e-01,4.643353390179851825e-01
6.311696466576578457e-01,8.397383653540979598e-03,5.426523443605606456e-01,5.575026082903797864e-01,8.762732609510803794e-02,4.207179602428733345e-01
5.153536996233125667e-01,3.217784424483244310e-02,4.842627339625186211e-01,4.643353390179851825e-01,4.207179602428733345e-01,5.196239468343821777e-01
