5.599108642286488857e-01,1.649515734638025144e-01,1.612093888624060445e-01,7.226396275173971873e-01,2.062685016358742351e-01,5.555220282721621272e-01,2.818586577264773352e-01
1.649515734638025144e-01,2.265997045925653985e-01,1.276399253746848261e-01,1.974967549149224122e-01,5.263664959664726695e-01,3.981196756727502506e-01,5.230599953828842796e-01
1.612093888624060445e-01,1.276399253746848261e-01,1.912698119535808372e-01,3.693042884035706019e-01,8.079576357546023324e-01,6.222980913478626253e-01,4.808273762232002646e-01
7.226396275173971873e-01,1.974967549149224122e-01,3.693042884035706019e-01,9.120637031586805721e-01,8.165285139199476294e-01,5.407158947217948208e-01,7.956731102938008338e-02
2.062685016358742351e-01,5.263664959664726695e-01,8.079576357546023324e-01,8.165285139199476294e-01,2.741884216711516498e-01,7.621843526347708009e-01,7.176578860137703408e-01
5.555220282721621272e-01,3.981196756727502506e-01,6.222980913478626253e-01,5.407158947217948208e-01,7.621843526347708009e-01,3.484851442669364419e-01,2.626030723368659725e-01
2.818586577264773352e-01,5.230599953828842796e-01,4.808273762232002646e-01,7.956731102938008338e-02,7.176578860137703408e-01,2.626030723368659725e-01,3.773465400585341856e-01
