8.044091016583834186e-01,5.131543643339402383e-01,4.904928112864832546e-01,9.491021731136313200e-01,6.392047023869598110e-01,3.065089456737117302e-01,6.000209529487069426e-01
5.131543643339402383e-01,6.377189988356630757e-01,4.119140548709657734e-01,4.774584455245646231e-01,4.666153394441172053e-01,3.815132618526203001e-01,1.546510453885233671e-01
4.904928112864832546e-01,4.119140548709657734e-01,5.954864847157420593e-01,4.674403003304699600e-01,7.183683774388910370e-01,5.470895875453621882e-01,7.176256286778662785e-01
9.491021731136313200e-01,4.774584455245646231e-01,4.674403003304699600e-01,7.646806254106486289e-01,3.313319822087269495e-01,3.435032423957818937e-01,6.786275221731083995e-01
6.392047023869598110e-01,4.666153394441172053e-01,7.183683774388910370e-01,3.313319822087269495e-01,5.565409392019760038e-02,4.272723329530406233e-01,3.143885159990031930e-01
3.065089456737117302e-01,3.815132618526203001e-01,5.470895875453621882e-01,3.435032423957818937e-01,4.272723329530406233e-01,2.562006948884403279e-01,2.572327971163066440e-01
6.000209529487069426e-01,1.546510453885233671e-01,7.176256286778662785e-01,6.786275221731083995e-01,3.143885159990031930e-01,2.572327971163066440e-01,8.530949692076225110e-01
