8.258856188606242821e-01,3.103850368021226491e-01,4.442580253132319967e-01,3.049604404138285818e-01,3.777684502473407924e-01,4.648059508587258359e-01,6.683039972885396196e-02
3.103850368021226491e-01,3.026040464588755086e-01,5.378120914053625690e-01,7.276931160153374822e-01,6.483231513334376528e-01,5.178845540372714051e-01,6.712288323310722227e-01
4.442580253132319967e-01,5.378120914053625690e-01,8.822708241935660611e-01,5.252043451469317059e-01,2.972483205300251452e-01,7.037006195963835253e-01,7.327056793795425627e-01
3.049604404138285818e-01,7.276931160153374822e-01,5.252043451469317059e-01,4.582247823205276571e-02,4.419852356903026247e-01,3.652443198753187459e-01,3.667624122102076112e-01
3.777684502473407924e-01,6.483231513334376528e-01,2.972483205300251452e-01,4.419852356903026247e-01,9.776483129645299197e-01,4.347563482924494682e-01,4.575374307818446673e-01
4.648059508587258359e-01,5.178845540372714051e-01,7.037006195963835253e-01,3.652443198753187459e-01,4.347563482924494682e-01,4.126426474336387651e-01,2.175426276492830047e-01
6.683039972885396196e-02,6.712288323310722227e-01,7.327056793795425627e-01,3.667624122102076112e-01,4.575374307818446673e-01,2.175426276492830047e-01,4.951479275220610488e-01
