5.807793688166640322e-02,2.376595686233016758e-01,7.888526100467774249e-01,3.023127004328814427e-01,3.925425282269152105e-01,4.427255002261014649e-01
2.376595686233016758e-01,8.985917569441714825e-02,7.427871710723041865e-01,6.260646223426427071e-01,5.583600040254986796e-01,5.527158396914910732e-01
7.888526100467774249e-01,7.427871710723041865e-01,6.066504050356642530e-01,5.771506016175170783e-01,3.657711795909593944e-01,3.280681781189672130e-01
3.023127004328814427e-01,6.260646223426427071e-01,5.771506016175170783e-01,8.608876412570554137e-01,4.868642933044011745e-01,2.036188077526818185e-01
3.925425282269152105e-01,5.583600040254986796e-01,3.657711795909593944e-01,4.868642933044011745e-01,7.760815419275857163e-02,3.996908938379597487e-01
4.427255002261014649e-01,5.527158396914910732e-01,3.280681781189672130e-01,2.036188077526818185e-01,3.996908938379597487e-01,9.533441981627246431e-01
