6.196165235724008236e-01,8.356289072692362208e-01,3.648441702264870190e-01,1.650577699933241660e-01,6.550973408962472710e-01,2.134885726670567863e-01
8.356289072692362208e-01,1.289840918176997642e-01,6.562242390835195671e-01,7.061244983737937631e-01,6.759495430848765363e-01,4.604615255940142093e-01
3.648441702264870190e-01,6.562242390835195671e-01,3.280331421564707250e-01,2.970680650489095354e-01,5.185886319209649375e-01,3.462223887815210621e-01
1.650577699933241660e-01,7.061244983737937631e-01,2.970680650489095354e-01,5.907313529302000710e-01,8.433658359711759811e-01,4.572044688583684069e-01
6.550973408962472710e-01,6.759495430848765363e-01,5.185886319209649375e-01,8.433658359711759811e-01,3.116480346604992846e-01,6.324187010021676825e-01
2.134885726670567863e-01,4.604615255940142093e-01,3.462223887815210621e-01,4.572044688583684069e-01,6.324187010021676825e-01,4.905762495897533215e-01
