8.378757579332517524e-01,8.053007234027398376e-01,3.240255731188481647e-01,3.233950189982818801e-01,5.732509998649391036e-01,3.835211024003941649e-01,4.086542007547316335e-01
8.053007234027398376e-01,9.296220394548685428e-01,8.675740784690871843e-01,3.831377310642779532e-01,4.810878488698347999e-01,3.388832669906284289e-01,2.391678635913381257e-01
3.240255731188481647e-01,8.675740784690871843e-01,2.965720485256534422e-01,6.232298228580809285e-01,7.745905065334084405e-01,4.223925190888697667e-01,5.860381742327449572e-01
3.233950189982818801e-01,3.831377310642779532e-01,6.232298228580809285e-01,7.917654728995933144e-01,2.171757513651400573e-01,2.777499713782445867e-01,7.308059252898957414e-01
5.732509998649391036e-01,4.810878488698347999e-01,7.745905065334084405e-01,2.171757513651400573e-01,5.235527988547008515e-01,6.681272313182164968e-01,7.902209771204413702e-01
3.835211024003941649e-01,3.388832669906284289e-01,4.223925190888697667e-01,2.777499713782445867e-01,6.681272313182164968e-01,7.724784615980642144e-01,4.798643412795589591e-01
4.086542007547316335e-01,2.391678635913381257e-01,5.860381742327449572e-01,7.308059252898957414e-01,7.902209771204413702e-01,4.798643412795589591e-01,5.661403747345685744e-01
