9.375438287089187250e-01,7.695576113290188980e-01,9.440214290088437821e-01,4.362737350899387190e-01,7.001871526928320488e-01,3.727782744525464098e-01
7.695576113290188980e-01,3.985140443634364038e-01,9.428846943207258580e-01,7.159837275556153458e-01,7.050980237580941612e-01,2.877824206948215169e-01
9.440214290088437821e-01,9.428846943207258580e-01,6.450633633387854449e-01,4.163467234455512367e-01,5.299180017085656225e-01,5.841725694592274643e-01
4.362737350899387190e-01,7.159837275556153458e-01,4.163467234455512367e-01,8.633815369238351245e-01,5.612846255305359300e-01,3.450561688959613016e-01
7.001871526928320488e-01,7.050980237580941612e-01,5.299180017085656225e-01,5.612846255305359300e-01,4.432825193835835398e-01,4.516055408353799039e-01
3.727782744525464098e-01,2.877824206948215169e-01,5.841725694592274643e-01,3.450561688959613016e-01,4.516055408353799039e-01,1.708913156713544046e-01
