6.217837785471136414e-02,5.875617961087109542e-01,4.884230217679221275e-01,2.240581320277088007e-01,1.621306095651553481e-01,7.734037329955986140e-01,5.212116113832701014e-01
5.875617961087109542e-01,7.010121734097998214e-01,5.942015733817406220e-01,4.761568235336609556e-01,7.621378736698538603e-01,7.314946600408581689e-01,3.221509319677158811e-01
4.884230217679221275e-01,5.942015733817406220e-01,2.137347779766235467e-01,8.006596080107957203e-01,5.600411389862198774e-01,7.190779036358556642e-01,4.512079578140613112e-01
2.240581320277088007e-01,4.761568235336609556e-01,8.006596080107957203e-01,7.140634141071847685e-01,5.360061246898459864e-01,2.118659213808845032e-01,3.078822382617992237e-01
1.621306095651553481e-01,7.621378736698538603e-01,5.600411389862198774e-01,5.360061246898459864e-01,3.445652115872152033e-01,5.113985155328779619e-01,4.892413761865554434e-01
7.734037329955986140e-01,7.314946600408581689e-01,7.190779036358556642e-01,2.118659213808845032e-01,5.113985155328779619e-01,7.906123900607231469e-01,6.043211045282104177e-01
5.212116113832701014e-01,3.221509319677158811e-01,4.512079578140613112e-01,3.078822382617992237e-01,4.892413761865554434e-01,6.043211045282104177e-01,4.810382357987047497e-01
