9.634372481959526668e-01,4.857984945910061025e-01,4.998767964601791847e-01,4.601168322212850215e-01,1.364442098959448013e-01,2.538442824353962513e-01
4.857984945910061025e-01,2.595501204616738056e-01,4.689745729915535954e-01,6.785409554044687930e-01,6.323775396578376062e-01,6.136635091716882151e-01
4.998767964601791847e-01,4.689745729915535954e-01,3.648917132242606165e-01,3.533451824227493709e-01,2.899094791899666790e-01,5.987419036149961293e-01
4.601168322212850215e-01,6.785409554044687930e-01,3.533451824227493709e-01,5.140112156639844443e-01,6.396197657690012583e-01,2.198593434358511733e-01
1.364442098959448013e-01,6.323775396578376062e-01,2.899094791899666790e-01,6.396197657690012583e-01,1.394900799904688071e-01,4.415006577898051288e-01
2.538442824353962513e-01,6.136635091716882151e-01,5.987419036149961293e-01,2.198593434358511733e-01,4.415006577898051288e-01,8.956142063171865786e-01
