2.919019479479121326e-01,2.729262042123629106e-01,5.558337735696753379e-01,1.155102405658061104e-01,3.759778834121648705e-01,6.288944849183011332e-01
2.729262042123629106e-01,5.671279810083998951e-01,5.253010016182471098e-01,3.600729763795453287e-01,5.274275109964834396e-01,2.180413737054964773e-01
5.558337735696753379e-01,5.253010016182471098e-01,5.984547805247986130e-01,5.685993525706664053e-01,5.206620053815553817e-01,5.552419612734991183e-01
1.155102405658061104e-01,3.600729763795453287e-01,5.685993525706664053e-01,4.421563904876613105e-01,6.259874481139522384e-01,6.124591676515662719e-01
3.759778834121648705e-01,5.274275109964834396e-01,5.206620053815553817e-01,6.259874481139522384e-01,5.821916484231551836e-01,4.020096332682455142e-01
6.288944849183011332e-01,2.180413737054964773e-01,5.552419612734991183e-01,6.124591676515662719e-01,4.020096332682455142e-01,2.313672450185728646e-01
