3.236755401310187352e-03,9.574546323853602159e-01,3.315579976595649514e-01,1.719131888490163518e-01,7.038921754172438039e-01,1.999455290055759948e-01
9.574546323853602159e-01,6.836621714053704446e-01,3.533187261900019860e-01,5.160455187761482376e-01,1.602112614207156227e-01,2.376458030883381589e-01
3.315579976595649514e-01,3.533187261900019860e-01,5.335210135633738915e-01,2.964234349104334365e-01,2.897180895504817832e-01,5.551877586121332087e-01
1.719131888490163518e-01,5.160455187761482376e-01,2.964234349104334365e-01,3.007436639217009322e-02,4.800412716637161292e-01,6.121262587091214069e-01
7.038921754172438039e-01,1.602112614207156227e-01,2.897180895504817832e-01,4.800412716637161292e-01,9.211473168161887770e-02,7.689837473777763055e-01
1.999455290055759948e-01,2.376458030883381589e-01,5.551877586121332087e-01,6.121262587091214069e-01,7.689837473777763055e-01,9.392344493761254354e-01
