9.788275539095891986e-03,8.163851907545409681e-01,1.090794888098231552e-01,8.469497565584916954e-01,7.756055606185351392e-01,6.253316087993547878e-01
8.163851907545409681e-01,6.001812384269408218e-01,4.251054069786290857e-01,2.759216376263400883e-01,1.588197891039543341e-01,3.382434417449990960e-01
1.090794888098231552e-01,4.251054069786290857e-01,8.088516221263898354e-01,4.468194055073475002e-01,5.032715201116493287e-01,6.861025988907014650e-01
8.469497565584916954e-01,2.759216376263400883e-01,4.468194055073475002e-01,6.720740545163850221e-01,5.562665025351585246e-01,7.241027642099471251e-01
7.756055606185351392e-01,1.588197891039543341e-01,5.032715201116493287e-01,5.562665025351585246e-01,7.450412956908224471e-01,6.723699896677537424e-01
6.253316087993547878e-01,3.382434417449990960e-01,6.861025988907014650e-01,7.241027642099471251e-01,6.723699896677537424e-01,3.274790214238909591e-02
