9.991122422611043996e-01,3.292792681823472623e-01,9.056503147614292093e-01,4.751932341156062112e-01,6.343048159412622011e-01,5.026189699651302245e-01,6.739198293838116749e-01
3.292792681823472623e-01,7.429385091052668200e-01,3.049190498407710059e-01,9.041468398252812122e-01,2.786871329589934443e-01,7.638656342134528821e-01,8.454442708586141775e-01
9.056503147614292093e-01,3.049190498407710059e-01,1.400891603979417255e-01,2.879942192786504873e-01,2.295142506709381691e-01,5.407827910492442047e-01,8.099341183811503697e-01
4.751932341156062112e-01,9.041468398252812122e-01,2.879942192786504873e-01,2.852437941621278616e-01,6.334442692110369144e-01,5.683811872929146469e-01,3.990156764495675357e-01
6.343048159412622011e-01,2.786871329589934443e-01,2.295142506709381691e-01,6.334442692110369144e-01,8.474188533972970561e-01,7.381355988396400836e-01,5.391512780839524677e-01
5.026189699651302245e-01,7.638656342134528821e-01,5.407827910492442047e-01,5.683811872929146469e-01,7.381355988396400836e-01,4.418367134228914361e-01,1.947906711269885571e-01
6.739198293838116749e-01,8.454442708586141775e-01,8.099341183811503697e-01,3.990156764495675357e-01,5.391512780839524677e-01,1.947906711269885571e-01,7.219084540663844862e-02
