2.577985854991160508e-02,5.654174639723854590e-01,4.180030490920341180e-01,2.618033697159060091e-01,3.574152815335307487e-01,6.406160858454326146e-01
5.654174639723854590e-01,2.645755948400694280e-01,7.934062742803589252e-01,2.541978652157639851e-01,2.173974849456983272e-02,2.559629220838819941e-01
4.180030490920341180e-01,7.934062742803589252e-01,4.098886491516867681e-01,3.537637689568866595e-01,1.235916694570308172e-01,7.795506830033758217e-01
2.618033697159060091e-01,2.541978652157639851e-01,3.537637689568866595e-01,3.110589432511662311e-01,3.698856794450985364e-01,4.148624506047141614e-01
3.574152815335307487e-01,2.173974849456983272e-02,1.235916694570308172e-01,3.698856794450985364e-01,2.889215263699919101e-01,4.177903345167024440e-01
6.406160858454326146e-01,2.559629220838819941e-01,7.795506830033758217e-01,4.148624506047141614e-01,4.177903345167024440e-01,3.216980464343096591e-01
