7.887279875237394045e-01,1.078053718278662032e-01,4.674520150845560829e-01,3.844435293656667252e-01,4.023303319104301057e-01,2.898050802969630024e-01
1.078053718278662032e-01,1.457822503955308324e-02,2.261278427367642840e-01,5.689772746019463590e-01,5.786615962705146110e-01,7.862994262126865586e-01
4.674520150845560829e-01,2.261278427367642840e-01,4.935639193984205919e-01,6.610765107467841961e-01,7.989102543164169346e-01,4.436531730406502727e-01
3.844435293656667252e-01,5.689772746019463590e-01,6.610765107467841961e-01,5.941644666181428169e-01,6.796273526675583598e-01,7.599007185832535871e-01
4.023303319104301057e-01,5.786615962705146110e-01,7.989102543164169346e-01,6.796273526675583598e-01,7.834004630593921492e-01,2.015480569663116173e-01
2.898050802969630024e-01,7.862994262126865586e-01,4.436531730406502727e-01,7.599007185832535871e-01,2.015480569663116173e-01,4.435374160999944193e-01
