1.058505232056250467e-02,3.608819566640802390e-01,5.561085498491872281e-01,4.367595465276818967e-01,2.637584920186078485e-01,5.485600122468661244e-01
3.608819566640802390e-01,5.662714335154255263e-01,4.633253914384369287e-01,2.882736230786605569e-01,6.281440483739137992e-01,5.167636338773196059e-01
5.561085498491872281e-01,4.633253914384369287e-01,5.840856319189519086e-01,6.884507435068256687e-01,3.188532759784754034e-01,5.555990587530178493e-01
4.367595465276818967e-01,2.882736230786605569e-01,6.884507435068256687e-01,2.839912733059779537e-01,6.765222460847248875e-01,9.552813673097814151e-01
2.637584920186078485e-01,6.281440483739137992e-01,3.188532759784754034e-01,6.765222460847248875e-01,4.535385647974192747e-01,5.643551200395919842e-01
5.485600122468661244e-01,5.167636338773196059e-01,5.555990587530178493e-01,9.552813673097814151e-01,5.643551200395919842e-01,2.786395819961248188e-01
