6.865035624697600758e-01,8.214185823059909630e-01,2.779312510335613107e-02,8.767045164018378856e-01,7.140328762094245718e-01,3.563478298426564495e-01
8.214185823059909630e-01,6.776494400994705902e-01,6.257400305914715410e-01,5.081835424830238868e-02,8.644951369478922620e-01,3.992553275564909576e-01
2.779312510335613107e-02,6.257400305914715410e-01,5.752950860068960504e-01,1.178739045014552400e-01,5.480741289986164055e-01,8.429737449503292845e-01
8.767045164018378856e-01,5.081835424830238868e-02,1.178739045014552400e-01,3.841832566672983562e-01,7.591423867498190425e-01,6.758911650214276534e-01
7.140328762094245718e-01,8.644951369478922620e-01,5.480741289986164055e-01,7.591423867498190425e-01,2.301168120269886375e-01,3.734232734142919341e-01
3.563478298426564495e-01,3.992553275564909576e-01,8.429737449503292845e-01,6.758911650214276534e-01,3.734232734142919341e-01,9.433463948184819259e-01
