4.105739229548108771e-01,5.933312801259568170e-01,3.009950767509292358e-01,6.864724868552647408e-01,4.729233311196745504e-01,4.359738896470740088e-01
5.933312801259568170e-01,5.170659704662846634e-01,8.999629939338065210e-01,5.529603989852356349e-01,5.426655165861400398e-01,6.601818496481470788e-01
3.009950767509292358e-01,8.999629939338065210e-01,5.284029758475109473e-01,5.157108642421295297e-01,2.513046048134145449e-01,2.571066425787145171e-01
6.864724868552647408e-01,5.529603989852356349e-01,5.157108642421295297e-01,5.942816328537723347e-01,4.371091055478534826e-01,6.184680692902096988e-01
4.729233311196745504e-01,5.426655165861400398e-01,2.513046048134145449e-01,4.371091055478534826e-01,4.153388018362167422e-01,1.388937021994318677e-01
4.359738896470740088e-01,6.601818496481470788e-01,2.571066425787145171e-01,6.184680692902096988e-01,1.388937021994318677e-01,4.721849711793009163e-01
