3.482603255559630906e-01,8.095088621553001573e-01,7.995761633572143756e-01,8.163089647542994820e-01,3.095801986146020091e-01,8.518353539844611966e-01
8.095088621553001573e-01,8.723591782913141524e-01,4.663345057119652748e-01,7.508755927202939162e-01,7.579560634877284819e-01,3.074554152007473173e-01
7.995761633572143756e-01,4.663345057119652748e-01,4.870896097328666352e-01,4.812402324765778783e-01,3.176215324258688244e-01,3.821275166544529367e-01
8.163089647542994820e-01,7.508755927202939162e-01,4.812402324765778783e-01,4.394739883105422962e-01,5.648472576378409382e-01,4.214677049141524745e-01
3.095801986146020091e-01,7.579560634877284819e-01,3.176215324258688244e-01,5.648472576378409382e-01,1.387433096662393783e-02,7.923372057126434331e-01
8.518353539844611966e-01,3.074554152007473173e-01,3.821275166544529367e-01,4.214677049141524745e-01,7.923372057126434331e-01,9.684310859790283832e-01
