4.283135455757393073e-01,4.084350259443956799e-01,3.224806323149815857e-01,4.484161378775021189e-01,5.734595689322100620e-01,7.246969337782975806e-01
4.084350259443956799e-01,6.387080215696635532e-01,2.499503545491819634e-01,1.610366888371485006e-01,7.604597538965778281e-01,7.229758371733907563e-01
3.224806323149815857e-01,2.499503545491819634e-01,6.619959995415221066e-01,8.099787383676237962e-01,5.894425995051039147e-01,3.774371217082901908e-01
4.484161378775021189e-01,1.610366888371485006e-01,8.099787383676237962e-01,7.293717273680361268e-01,4.742750486224808215e-01,6.838051662506363648e-01
5.734595689322100620e-01,7.604597538965778281e-01,5.894425995051039147e-01,4.742750486224808215e-01,9.503312601699928086e-01,2.725954536575606602e-01
7.246969337782975806e-01,7.229758371733907563e-01,3.774371217082901908e-01,6.838051662506363648e-01,2.725954536575606602e-01,5.257947134946183709e-01
