3.132192018142039291e-01,6.198581375297103069e-01,8.502129558124351671e-01,2.207551556590734987e-01,2.511763920351585133e-01,2.212105865169881613e-01,8.186574549049135952e-02
6.198581375297103069e-01,8.603522071900662205e-01,3.519477805367620671e-01,4.114511399770503508e-01,7.591993405579253729e-01,1.694161942718281910e-01,5.289914858506268303e-01
8.502129558124351671e-01,3.519477805367620671e-01,9.427064259148189018e-01,5.187913603790696992e-01,8.755194792490735844e-01,7.164322016084205824e-01,9.439565692506962646e-02
2.207551556590734987e-01,4.114511399770503508e-01,5.187913603790696992e-01,4.822418996938644398e-01,6.257106255188271682e-01,7.022763154288400589e-01,8.130319181423343311e-01
2.511763920351585133e-01,7.591993405579253729e-01,8.755194792490735844e-01,6.257106255188271682e-01,6.815864712313435270e-03,6.985646899998607662e-01,4.369821112015879194e-01
2.212105865169881613e-01,1.694161942718281910e-01,7.164322016084205824e-01,7.022763154288400589e-01,6.985646899998607662e-01,4.003580281147673947e-01,7.372872653693381961e-01
8.186574549049135952e-02,5.289914858506268303e-01,9.439565692506962646e-02,8.130319181423343311e-01,4.369821112015879194e-01,7.372872653693381961e-01,6.207717506677912223e-01
