8.230407349151138696e-01,6.947669990812138652e-02,4.036585059071742809e-01,2.568685508808165041e-01,9.591821870132399841e-01,3.079072605693233822e-02,4.770969108029203265e-01
6.947669990812138652e-02,2.267140485098156910e-01,6.517151742176110485e-01,1.608781884103276383e-01,5.178235458661943902e-01,6.817153464882811376e-01,5.899596963658328974e-01
4.036585059071742809e-01,6.517151742176110485e-01,6.955990237182240188e-01,6.953452832551346718e-01,5.938910794870739807e-01,5.415485375925062073e-01,4.602769878109486124e-01
2.568685508808165041e-01,1.608781884103276383e-01,6.953452832551346718e-01,7.416580114097179877e-01,3.466768992910641556e-01,2.489855916742512165e-01,3.750191649135834471e-01
9.591821870132399841e-01,5.178235458661943902e-01,5.938910794870739807e-01,3.466768992910641556e-01,9.309479035280481263e-01,5.241719420080850345e-01,6.038113102238783503e-01
3.079072605693233822e-02,6.817153464882811376e-01,5.415485375925062073e-01,2.489855916742512165e-01,5.241719420080850345e-01,4.040302849758656834e-01,7.871498374964013278e-01
4.770969108029203265e-01,5.899596963658328974e-01,4.602769878109486124e-01,3.750191649135834471e-01,6.038113102238783503e-01,7.871498374964013278e-01,2.004950275848852437e-01
