5.168429856669936040e-01,4.768993634474021914e-01,5.125045698903925029e-01,4.805241570118771732e-01,5.348799456379327300e-01,7.547272615744524682e-01
4.768993634474021914e-01,7.859519592755973560e-01,3.929070059042325536e-01,6.439840519479123060e-01,2.998396915950823360e-01,7.004409697641156285e-01
5.125045698903925029e-01,3.929070059042325536e-01,9.397316203595014183e-01,5.035552431204038948e-01,4.843509670077429941e-01,7.569010754169730459e-02
4.805241570118771732e-01,6.439840519479123060e-01,5.035552431204038948e-01,1.531116292039991222e-02,4.423256435291346156e-01,8.893689529850812292e-01
5.348799456379327300e-01,2.998396915950823360e-01,4.843509670077429941e-01,4.423256435291346156e-01,1.701667711306866781e-01,5.180339810297349690e-01
7.547272615744524682e-01,7.004409697641156285e-01,7.569010754169730459e-02,8.893689529850812292e-01,5.180339810297349690e-01,6.594624688959669356e-01
