4.339944725120412627e-01,3.401916591907833132e-01,3.157708033985258123e-01,2.732003869479571745e-01,3.530997506371265637e-01,2.439254901944523657e-01
3.401916591907833132e-01,3.619547896501184026e-01,4.210242431414396580e-01,7.509952635707288771e-01,3.064430613907000445e-01,5.674372254797855897e-01
3.157708033985258123e-01,4.210242431414396580e-01,4.419494739763701885e-01,7.936278401793712689e-01,8.210241773391380171e-01,7.680766811175618880e-01
2.732003869479571745e-01,7.509952635707288771e-01,7.936278401793712689e-01,2.940851030819580103e-02,4.077327585979029223e-01,6.737946965333958538e-01
3.530997506371265637e-01,3.064430613907000445e-01,8.210241773391380171e-01,4.077327585979029223e-01,8.947307234663428588e-01,4.310722239157784297e-01
2.439254901944523657e-01,5.674372254797855897e-01,7.680766811175618880e-01,6.737946965333958538e-01,4.310722239157784297e-01,2.603793045041344900e-01
