7.149799830830438907e-01,6.777454285680319934e-01,2.652460304603576624e-01,6.127758759345878214e-01,1.092013328587658205e-01,1.941027214034659609e-01
6.777454285680319934e-01,3.595168937384620733e-01,5.086029023819251815e-01,5.855662740523819298e-01,7.053908694378572264e-01,6.959978298062189372e-01
2.652460304603576624e-01,5.086029023819251815e-01,5.872676693024395655e-01,6.372046452610229395e-01,4.740646557398122130e-01,6.600722096794516824e-01
6.127758759345878214e-01,5.855662740523819298e-01,6.372046452610229395e-01,5.999285805984381215e-01,4.698812325398657452e-01,3.623721848147462565e-01
1.092013328587658205e-01,7.053908694378572264e-01,4.740646557398122130e-01,4.698812325398657452e-01,2.555537315000474541e-01,8.706442376100943514e-01
1.941027214034659609e-01,6.959978298062189372e-01,6.600722096794516824e-01,3.623721848147462565e-01,8.706442376100943514e-01,3.339043926667963902e-01
