1.664637707993529281e-01,4.366708206432621253e-01,4.964613618963777952e-01,5.184749168596596292e-01,4.133970506075579365e-02,4.393644093987846833e-01
4.366708206432621253e-01,7.669380825935889767e-02,4.890054765629727740e-01,2.185925422653065553e-01,4.632949520465102222e-01,2.881096465325137523e-01
4.964613618963777952e-01,4.890054765629727740e-01,6.436557164151108790e-01,3.768318862092999155e-01,6.514196861551493356e-01,4.293052985005425537e-01
5.184749168596596292e-01,2.185925422653065553e-01,3.768318862092999155e-01,8.380285172542791816e-01,5.177760680014096284e-01,5.967371090927653388e-01
4.133970506075579365e-02,4.632949520465102222e-01,6.514196861551493356e-01,5.177760680014096284e-01,9.302002024690687598e-01,2.681269503079933836e-01
4.393644093987846833e-01,2.881096465325137523e-01,4.293052985005425537e-01,5.967371090927653388e-01,2.681269503079933836e-01,5.239657395789835137e-01
