5.520720192347318145e-01,4.928167833002433662e-01,7.869021885902653946e-01,9.566266592606424979e-01,5.960495024142808962e-01,3.708711761722503497e-01
4.928167833002433662e-01,7.547766898507263233e-01,3.728432923701412993e-01,4.763148551547923826e-01,5.385368407749582254e-01,3.354322827708464128e-01
7.869021885902653946e-01,3.728432923701412993e-01,1.623126175039576458e-01,8.997402226047555018e-01,7.116333905320932907e-01,4.427534270481797152e-01
9.566266592606424979e-01,4.763148551547923826e-01,8.997402226047555018e-01,3.111408045120648280e-01,2.106231249683931384e-01,8.359893644785698630e-01
5.960495024142808962e-01,5.385368407749582254e-01,7.116333905320932907e-01,2.106231249683931384e-01,9.162944409371379662e-01,6.120729441673306015e-01
3.708711761722503497e-01,3.354322827708464128e-01,4.427534270481797152e-01,8.359893644785698630e-01,6.120729441673306015e-01,9.634805586127319632e-01
