2.044726994148442500e-01,2.719180933654244958e-01,2.448007502373770183e-01,4.240727463913968598e-01,4.620019807760062935e-01,7.137429677904356673e-01
2.719180933654244958e-01,5.439646394694235276e-01,4.600312650675549841e-01,3.926891297682502113e-01,3.463915545320954137e-01,6.647551978548478235e-01
2.448007502373770183e-01,4.600312650675549841e-01,5.802799997600684989e-01,8.878019107140409094e-01,5.952863976168130122e-01,7.519220929458059199e-01
4.240727463913968598e-01,3.926891297682502113e-01,8.878019107140409094e-01,6.517606628340076869e-01,7.126556009049644924e-01,4.483074530944609060e-01
4.620019807760062935e-01,3.463915545320954137e-01,5.952863976168130122e-01,7.126556009049644924e-01,7.863608051385766462e-01,5.578807498245894614e-01
7.137429677904356673e-01,6.647551978548478235e-01,7.519220929458059199e-01,4.483074530944609060e-01,5.578807498245894614e-01,2.876317272654461688e-01
