7.350788620978171428e-01,7.247194184663245942e-01,5.710078012317005847e-01,1.452023965101822967e-01,5.955213242495203119e-01,1.956876162026835453e-01,3.444623433120655442e-01
7.247194184663245942e-01,1.835455618978256709e-01,4.737075212286644410e-01,4.007271765925356499e-01,9.223326598539631771e-01,8.227130525698351793e-01,5.902186421831581153e-01
5.710078012317005847e-01,4.737075212286644410e-01,4.756134877082125456e-01,6.626068159826532522e-01,7.022035431706348252e-01,2.953688946086264755e-01,7.235568815832953415e-01
1.452023965101822967e-01,4.007271765925356499e-01,6.626068159826532522e-01,7.137258685984672058e-01,4.123922096006810700e-01,5.618639611231586173e-01,1.646642520444399627e-01
5.955213242495203119e-01,9.223326598539631771e-01,7.022035431706348252e-01,4.123922096006810700e-01,6.965171593363498337e-01,4.960587494082198678e-01,1.000878585492668282e-01
1.956876162026835453e-01,8.227130525698351793e-01,2.953688946086264755e-01,5.618639611231586173e-01,4.960587494082198678e-01,1.796821206113538016e-01,3.961310478770466714e-01
3.444623433120655442e-01,5.902186421831581153e-01,7.235568815832953415e-01,1.646642520444399627e-01,1.000878585492668282e-01,3.961310478770466714e-01,8.799407334349088616e-01
