7.780545181460639670e-01,1.583520931347151550e-01,8.665418703979522741e-01,5.989341530390686064e-01,8.173167360559314698e-01,3.973099509530850781e-01,5.654450302274542928e-01
1.583520931347151550e-01,5.468675445547465097e-01,7.042186564990009501e-01,5.979762975202191910e-01,5.409901063388982134e-01,1.850648348127687526e-01,9.562869066358437031e-02
8.665418703979522741e-01,7.042186564990009501e-01,2.247600041418973404e-02,4.619776120934654395e-02,3.682258905233130597e-01,6.234215975841295165e-01,5.488992391879450317e-01
5.989341530390686064e-01,5.979762975202191910e-01,4.619776120934654395e-02,5.465043783027838664e-01,3.593581507394175145e-01,7.731951811207420366e-01,8.169598839161922310e-01
8.173167360559314698e-01,5.409901063388982134e-01,3.682258905233130597e-01,3.593581507394175145e-01,1.788376921415727461e-01,1.298430096529605282e-01,5.742213362282265754e-01
3.973099509530850781e-01,1.850648348127687526e-01,6.234215975841295165e-01,7.731951811207420366e-01,1.298430096529605282e-01,9.211814519236105614e-01,7.481084167238025717e-01
5.654450302274542928e-01,9.562869066358437031e-02,5.488992391879450317e-01,8.169598839161922310e-01,5.742213362282265754e-01,7.481084167238025717e-01,1.208293748552725644e-01
