2.635052150489819445e-01,6.398541788687877041e-01,8.182448176722991739e-01,6.059848906892992826e-01,3.706352559462766094e-01,6.631914355937138517e-01
6.398541788687877041e-01,3.159529667652061224e-02,5.497503464275828033e-01,4.805602669027035923e-01,2.125182976223311537e-01,5.017409264316577966e-01
8.182448176722991739e-01,5.497503464275828033e-01,4.012427939042922942e-01,7.843000445497692041e-01,3.618854512380824673e-01,3.944712330926392618e-01
6.059848906892992826e-01,4.805602669027035923e-01,7.843000445497692041e-01,8.595989390254291651e-01,7.113426766052661776e-01,6.986956702117297358e-01
3.706352559462766094e-01,2.125182976223311537e-01,3.618854512380824673e-01,7.113426766052661776e-01,4.387642396596723726e-01,3.049855340256187874e-01
6.631914355937138517e-01,5.017409264316577966e-01,3.944712330926392618e-01,6.986956702117297358e-01,3.049855340256187874e-01,4.427150157398941355e-01
