6.655543651828929042e-01,5.728764834252157989e-01,5.627794474369918198e-01,7.635555400433186035e-02,4.886233967770221009e-01,5.298909781501563998e-01
5.728764834252157989e-01,1.826100442882123698e-01,8.900324840170538154e-01,6.945893650346237624e-01,4.011094991210216176e-01,2.572038904955926131e-01
5.627794474369918198e-01,8.900324840170538154e-01,4.783550614692129166e-01,6.960316302264409893e-01,2.202416397637267376e-01,4.593519303910641449e-01
7.635555400433186035e-02,6.945893650346237624e-01,6.960316302264409893e-01,9.883711679101851999e-01,8.045671297983557624e-01,4.626558856929535168e-01
4.886233967770221009e-01,4.011094991210216176e-01,2.202416397637267376e-01,8.045671297983557624e-01,5.915837282568738864e-01,4.326395939477536978e-01
5.298909781501563998e-01,2.572038904955926131e-01,4.593519303910641449e-01,4.626558856929535168e-01,4.326395939477536978e-01,3.554667994465512404e-01
