8.033685863066944988e-01,7.633255443791991945e-01,6.589857868468393942e-01,6.380347227700464696e-01,7.164162344157578577e-01,7.998632582755313969e-01
7.633255443791991945e-01,6.849764821544327420e-01,8.205529476845407899e-01,2.450023921511944591e-01,2.461384627911001877e-01,6.552745391282742693e-01
6.589857868468393942e-01,8.205529476845407899e-01,4.198072326970997414e-01,5.289195202475438506e-01,7.977677698947613916e-01,6.787240455961709440e-01
6.380347227700464696e-01,2.450023921511944591e-01,5.289195202475438506e-01,9.908196535587868725e-01,8.428003374100330181e-01,2.890776548953732927e-01
7.164162344157578577e-01,2.461384627911001877e-01,7.977677698947613916e-01,8.428003374100330181e-01,9.350915124129266509e-02,3.135636626435753804e-01
7.998632582755313969e-01,6.552745391282742693e-01,6.787240455961709440e-01,2.890776548953732927e-01,3.135636626435753804e-01,8.027193924993099028e-01
