5.308066975080475425e-01,1.601259677265303716e-01,6.795815709709125407e-01,2.509191122223543569e-01,6.541775468579258401e-01,3.284954987484166034e-01,3.883682068160558276e-01
1.601259677265303716e-01,6.060830064924651595e-01,5.577417392921832917e-01,7.286591742317762854e-01,5.616825381209376022e-01,3.191069318574478175e-01,4.922694594167679738e-01
6.795815709709125407e-01,5.577417392921832917e-01,4.224923936845984551e-01,4.880097361558590197e-01,3.915108101484380265e-01,7.129762102146920411e-01,1.230302133445973500e-01
2.509191122223543569e-01,7.286591742317762854e-01,4.880097361558590197e-01,4.060240756176356491e-01,5.626525051973365610e-01,3.834865003488785451e-01,4.692639504760817704e-01
6.541775468579258401e-01,5.616825381209376022e-01,3.915108101484380265e-01,5.626525051973365610e-01,4.281574665853404849e-01,3.994930090809963308e-01,2.470743166399207436e-01
3.284954987484166034e-01,3.191069318574478175e-01,7.129762102146920411e-01,3.834865003488785451e-01,3.994930090809963308e-01,1.026139478503548252e-01,3.705726527407401383e-01
3.883682068160558276e-01,4.922694594167679738e-01,1.230302133445973500e-01,4.692639504760817704e-01,2.470743166399207436e-01,3.705726527407401383e-01,4.679824405119392683e-01
