2.582123295818270492e-01,4.595437829351408654e-01,2.783267649754870843e-01,3.722204458213821399e-01,2.522054192133691419e-01,3.730675314821766397e-01
4.595437829351408654e-01,2.819900835165789488e-02,2.870359246579576862e-01,5.394229625823907526e-01,8.979877101103812542e-01,5.361933865837458235e-01
2.783267649754870843e-01,2.870359246579576862e-01,7.284893266348766439e-01,6.004740690365313327e-01,6.125675768681622113e-01,5.567355831009443978e-01
3.722204458213821399e-01,5.394229625823907526e-01,6.004740690365313327e-01,3.472757352232942463e-01,2.629770268025213853e-01,8.297704490579688175e-01
2.522054192133691419e-01,8.979877101103812542e-01,6.125675768681622113e-01,2.629770268025213853e-01,9.938268527223500515e-01,3.426254154830938869e-01
3.730675314821766397e-01,5.361933865837458235e-01,5.567355831009443978e-01,8.297704490579688175e-01,3.426254154830938869e-01,6.072893908385333939e-01
