6.259124285196648874e-02,2.881759825731027846e-01,9.910925828278291938e-01,3.956621457006846421e-01,9.056082641308266235e-02,5.079199610474235405e-01
2.881759825731027846e-01,8.464936520230882389e-01,8.706197795324739364e-01,1.400261484148919156e-01,5.967059873866966679e-01,1.744560331944513543e-01
9.910925828278291938e-01,8.706197795324739364e-01,2.164311684421273974e-01,5.226722042316782613e-01,5.149411327154524987e-01,3.604196604563664752e-01
3.956621457006846421e-01,1.400261484148919156e-01,5.226722042316782613e-01,8.295624577441069736e-01,4.599774840523700448e-01,7.688034073920265721e-01
9.056082641308266235e-02,5.967059873866966679e-01,5.149411327154524987e-01,4.599774840523700448e-01,3.811552738673532614e-01,3.892747288763191427e-01
5.079199610474235405e-01,1.744560331944513543e-01,3.604196604563664752e-01,7.688034073920265721e-01,3.892747288763191427e-01,1.200150378526013695e-01
