2.293909686745134735e-01,1.189748985544219484e-01,4.684609704218822279e-01,5.978969520237484847e-01,7.649705875404499977e-01,3.597100734274578659e-01
1.189748985544219484e-01,1.198829727118234656e-01,5.999260420248909709e-01,4.552061817918051645e-01,8.041357699145612603e-01,4.852450858833412539e-01
4.684609704218822279e-01,5.999260420248909709e-01,4.115500457123990596e-01,5.706802388077060195e-01,9.602561911002144290e-02,4.786409929685009335e-01
5.978969520237484847e-01,4.552061817918051645e-01,5.706802388077060195e-01,7.821866278751262724e-01,1.949787736687197404e-01,6.030422990270676298e-01
7.649705875404499977e-01,8.041357699145612603e-01,9.602561911002144290e-02,1.949787736687197404e-01,1.202187404523827885e-01,3.994550137584055305e-01
3.597100734274578659e-01,4.852450858833412539e-01,4.786409929685009335e-01,6.030422990270676298e-01,3.994550137584055305e-01,5.173565460313123143e-01
