9.298598260159298690e-01,2.204732672884558431e-01,6.822391574018337179e-01,3.576238695504390663e-01,9.196131944324305030e-01,6.330173393254565628e-01,1.675542916256131942e-01
2.204732672884558431e-01,4.153705512450379667e-01,6.068703762744898089e-01,4.214392068333510100e-01,4.618225104917028645e-01,2.987976953664018831e-01,7.827978304854297242e-01
6.822391574018337179e-01,6.068703762744898089e-01,2.891539565117178245e-01,3.487864198212235478e-01,3.808908147617147688e-01,7.170475610394294597e-01,2.684030045681551346e-01
3.576238695504390663e-01,4.214392068333510100e-01,3.487864198212235478e-01,3.651823634233675175e-02,5.927187876655533039e-01,5.475361658824362543e-01,4.880460916448474129e-01
9.196131944324305030e-01,4.618225104917028645e-01,3.808908147617147688e-01,5.927187876655533039e-01,4.516102616699333439e-01,1.071985124692206304e-01,1.079610703073892730e-01
6.330173393254565628e-01,2.987976953664018831e-01,7.170475610394294597e-01,5.475361658824362543e-01,1.071985124692206304e-01,8.479886431091060439e-01,5.110885722209017601e-01
1.675542916256131942e-01,7.827978304854297242e-01,2.684030045681551346e-01,4.880460916448474129e-01,1.079610703073892730e-01,5.110885722209017601e-01,5.863610698529108101e-01
