2.549091710598899718e-01,4.936539630880453222e-01,4.127154041212174884e-01,3.941408260380017681e-01,6.501603858981449546e-01,8.717809609081927924e-01
4.936539630880453222e-01,4.145729564503689568e-01,5.491492430950756232e-01,5.303498154766170813e-01,3.490731954062143427e-01,2.191399912192867339e-01
4.127154041212174884e-01,5.491492430950756232e-01,1.582513712096721425e-01,5.945079546437798124e-01,8.146590529647663725e-01,5.790612727109387681e-01
3.941408260380017681e-01,5.303498154766170813e-01,5.945079546437798124e-01,2.610525069904801043e-02,3.708680302572629484e-01,5.686789914024561465e-01
6.501603858981449546e-01,3.490731954062143427e-01,8.146590529647663725e-01,3.708680302572629484e-01,7.053646909710542534e-01,5.344355022468905148e-01
8.717809609081927924e-01,2.191399912192867339e-01,5.790612727109387681e-01,5.686789914024561465e-01,5.344355022468905148e-01,6.213735584609351159e-01
