3.516132181075267704e-01,6.936440646918720088e-01,1.871126917182815430e-01,5.808022360507205661e-01,5.700549168263953081e-01,3.493196773203017802e-01,4.877969568793415478e-01
6.936440646918720088e-01,9.800614090818272617e-01,4.756384335486842363e-01,1.726366668108564317e-01,8.516612877959226502e-01,7.234636055887627704e-01,8.672276387486151927e-01
1.871126917182815430e-01,4.756384335486842363e-01,7.053783494516081554e-01,1.209655278961879188e-01,6.259508084880819334e-01,2.318242859152009894e-01,6.415156624014117792e-01
5.808022360507205661e-01,1.726366668108564317e-01,1.209655278961879188e-01,8.894287443834588691e-01,4.951417615920699067e-01,3.997874756879593039e-01,3.314303006716241007e-01
5.700549168263953081e-01,8.516612877959226502e-01,6.259508084880819334e-01,4.951417615920699067e-01,5.374278319939986837e-01,6.241303351239378960e-01,2.075831754040042276e-01
3.493196773203017802e-01,7.234636055887627704e-01,2.318242859152009894e-01,3.997874756879593039e-01,6.241303351239378960e-01,6.162162901035117546e-02,5.082180799295813456e-01
4.877969568793415478e-01,8.672276387486151927e-01,6.415156624014117792e-01,3.314303006716241007e-01,2.075831754040042276e-01,5.082180799295813456e-01,7.311712470513702655e-01
