9.453748501308396612e-01,9.254487407102642837e-01,5.358659408613513087e-01,7.996738179298160665e-01,6.686484222943345213e-01,9.767682928832782663e-02
9.254487407102642837e-01,3.160934370531458537e-01,5.552338730266377365e-01,2.213486983605514324e-01,3.669469087841906729e-01,2.722761383874666707e-01
5.358659408613513087e-01,5.552338730266377365e-01,8.668366873691272234e-01,3.629556697765123352e-01,7.007902144160571556e-01,3.404501506386308773e-01
7.996738179298160665e-01,2.213486983605514324e-01,3.629556697765123352e-01,8.840041674203775734e-01,4.323259691444431008e-01,2.687344748666961047e-01
6.686484222943345213e-01,3.669469087841906729e-01,7.007902144160571556e-01,4.323259691444431008e-01,4.517048085825492443e-01,3.335615122866802951e-01
9.767682928832782663e-02,2.722761383874666707e-01,3.404501506386308773e-01,2.687344748666961047e-01,3.335615122866802951e-01,2.439189390602096719e-01
