4.912277381975700408e-01,5.606726522195906171e-01,4.498222285995294722e-01,4.380819983317300603e-01,6.285599262941932164e-01,7.478792935031917111e-01
5.606726522195906171e-01,4.149850344951487857e-01,5.376885261006191241e-01,2.979271022925303325e-01,1.171150201534081892e-01,8.186200726408618955e-01
4.498222285995294722e-01,5.376885261006191241e-01,6.979650054798962611e-01,5.292042438366095780e-01,5.768812650481970339e-01,4.031461539143449957e-01
4.380819983317300603e-01,2.979271022925303325e-01,5.292042438366095780e-01,5.611066564065138040e-01,5.642173715543971069e-01,3.699771676878620963e-01
6.285599262941932164e-01,1.171150201534081892e-01,5.768812650481970339e-01,5.642173715543971069e-01,3.078040033170164058e-01,5.151431159620712963e-01
7.478792935031917111e-01,8.186200726408618955e-01,4.031461539143449957e-01,3.699771676878620963e-01,5.151431159620712963e-01,8.615116289640830649e-01
