2.673715163232592840e-02,3.557575636738209424e-01,4.814375998867388429e-01,5.153085235182911505e-01,4.313147311948905549e-01,4.653408512645655914e-01
3.557575636738209424e-01,2.273937023362084808e-01,5.882610129479075578e-01,7.699694586251987216e-01,6.318400688034601087e-01,5.767619415222895451e-01
4.814375998867388429e-01,5.882610129479075578e-01,3.094418989748290993e-01,5.569095253597206030e-01,6.914614252324633448e-01,6.203887656301757536e-01
5.153085235182911505e-01,7.699694586251987216e-01,5.569095253597206030e-01,5.658199241718510075e-01,4.706282457370124517e-01,1.223675082801159442e-01
4.313147311948905549e-01,6.318400688034601087e-01,6.914614252324633448e-01,4.706282457370124517e-01,8.535896032304514103e-01,3.046428284886831261e-01
4.653408512645655914e-01,5.767619415222895451e-01,6.203887656301757536e-01,1.223675082801159442e-01,3.046428284886831261e-01,3.286552646553552171e-01
