9.836351324650756123e-01,4.630409711942156670e-01,6.086567060677229302e-01,1.587778108967636270e-01,6.456666234884165245e-01,7.121972626517250049e-01
4.630409711942156670e-01,4.709560670355956713e-01,2.302703893264285706e-01,6.261401931732220039e-01,1.794942132274301994e-02,4.978026811385509731e-01
6.086567060677229302e-01,2.302703893264285706e-01,4.355565748060149511e-01,5.522027665339860336e-01,3.245674606243010296e-01,2.969153413587787838e-01
1.587778108967636270e-01,6.261401931732220039e-01,5.522027665339860336e-01,1.296052642410856492e-01,4.120746822970933199e-01,2.688415286569765805e-01
6.456666234884165245e-01,1.794942132274301994e-02,3.245674606243010296e-01,4.120746822970933199e-01,9.772503366374957201e-01,5.164016652424285869e-01
7.121972626517250049e-01,4.978026811385509731e-01,2.969153413587787838e-01,2.688415286569765805e-01,5.164016652424285869e-01,1.339494577957704990e-01
