4.494707076931910850e-01,7.828826927780758727e-01,6.078423934652982252e-01,8.026594052810609448e-01,2.309241401622613155e-01,2.556199476779967283e-01
7.828826927780758727e-01,4.455349974372054822e-01,7.047080103923949457e-01,6.274646303054064456e-01,1.513750771117103322e-01,4.322680328048486009e-01
6.078423934652982252e-01,7.047080103923949457e-01,4.930198117762178978e-01,7.465497633328019855e-01,3.827191041732953547e-01,3.165512661329222821e-02
8.026594052810609448e-01,6.274646303054064456e-01,7.465497633328019855e-01,2.329590973477724258e-01,4.571034258016386520e-01,5.792974212351480467e-01
2.309241401622613155e-01,1.513750771117103322e-01,3.827191041732953547e-01,4.571034258016386520e-01,8.285848995001009465e-01,7.439796622183203478e-01
2.556199476779967283e-01,4.322680328048486009e-01,3.165512661329222821e-02,5.792974212351480467e-01,7.439796622183203478e-01,3.024691529191732009e-01
