3.331816442168002990e-01,7.809492434021387819e-01,5.351938224115562193e-01,7.526131430698079772e-01,8.837894467183252667e-01,7.380761521067906727e-01
7.809492434021387819e-01,4.785352988481677006e-01,8.064408342445457123e-01,5.280994985631680683e-01,9.541351494874952266e-01,5.317535563654198771e-01
5.351938224115562193e-01,8.064408342445457123e-01,9.585307157330139605e-01,4.549904996815379299e-01,7.627135024204040326e-01,5.629476566462229270e-01
7.526131430698079772e-01,5.280994985631680683e-01,4.549904996815379299e-01,9.001259414067145359e-01,2.557212195318027126e-01,4.068971590855028353e-01
8.837894467183252667e-01,9.541351494874952266e-01,7.627135024204040326e-01,2.557212195318027126e-01,6.573610296732569358e-01,3.380281682186137560e-01
7.380761521067906727e-01,5.317535563654198771e-01,5.629476566462229270e-01,4.068971590855028353e-01,3.380281682186137560e-01,6.636173821109361270e-01
