7.662239466745780492e-01,4.157652057137491974e-01,6.572308449174977252e-01,5.661369092925878643e-01,1.023551292676988522e-01,6.144197908555064647e-01
4.157652057137491974e-01,8.942282670707897285e-01,5.140004232925932115e-01,4.719759235091388616e-01,1.993792634698089428e-01,4.707193072828333991e-01
6.572308449174977252e-01,5.140004232925932115e-01,1.962256080286085558e-01,3.630733792392714099e-01,3.807686426498928522e-01,2.554041862558334985e-01
5.661369092925878643e-01,4.719759235091388616e-01,3.630733792392714099e-01,9.328124059068214624e-01,5.137855137790605653e-01,4.410322543109606586e-01
1.023551292676988522e-01,1.993792634698089428e-01,3.807686426498928522e-01,5.137855137790605653e-01,6.215357384592067325e-01,7.122257023275775367e-01
6.144197908555064647e-01,4.707193072828333991e-01,2.554041862558334985e-01,4.410322543109606586e-01,7.122257023275775367e-01,2.650397361323539869e-01
