2.698452031509347426e-01,4.548222211024768313e-01,4.239417895824348914e-01,7.274127486641907003e-02,4.809181441493067810e-01,5.164823382095498072e-01
4.548222211024768313e-01,5.472493221257190843e-01,5.448494469557436659e-01,7.992324047664174369e-01,3.055245603847639435e-01,5.260854892737756305e-01
4.239417895824348914e-01,5.448494469557436659e-01,5.789878192814917890e-01,6.942976585704825343e-01,4.746980933812542935e-01,5.293217060282493502e-01
7.274127486641907003e-02,7.992324047664174369e-01,6.942976585704825343e-01,4.783177601438414195e-01,8.231225206864292154e-01,5.154289058656864597e-01
4.809181441493067810e-01,3.055245603847639435e-01,4.746980933812542935e-01,8.231225206864292154e-01,6.178323718753638838e-01,4.094274240779076646e-01
5.164823382095498072e-01,5.260854892737756305e-01,5.293217060282493502e-01,5.154289058656864597e-01,4.094274240779076646e-01,4.694086632640186441e-01
