9.406971881613657160e-02,3.657956822376986494e-01,3.743938977111325728e-01,5.714435694765322982e-01,3.859354495919058992e-01,5.227082238389714197e-01
3.657956822376986494e-01,3.258651551904497845e-01,8.058741161353548677e-01,6.638558660979008152e-01,6.283825751933194148e-01,4.522685391963841561e-01
3.743938977111325728e-01,8.058741161353548677e-01,4.468882898920573110e-01,8.124614261146387850e-01,1.058159733968256355e-01,5.504845672653904121e-01
5.714435694765322982e-01,6.638558660979008152e-01,8.124614261146387850e-01,7.105405970718047248e-01,5.164076923813470943e-01,5.869965856865553278e-01
3.859354495919058992e-01,6.283825751933194148e-01,1.058159733968256355e-01,5.164076923813470943e-01,8.379192039043119600e-01,5.436219845812104712e-01
5.227082238389714197e-01,4.522685391963841561e-01,5.504845672653904121e-01,5.869965856865553278e-01,5.436219845812104712e-01,4.574222160602334775e-01
