9.778430250686025449e-01,4.576834162492033342e-01,7.412626167347986517e-01,5.056354676296657136e-01,2.528882914760652301e-01,7.240661847260981832e-01
4.576834162492033342e-01,2.638209882728776989e-01,5.785890996984068835e-01,4.288427042440692283e-01,9.933760995932117144e-02,3.919909011016139422e-01
7.412626167347986517e-01,5.785890996984068835e-01,6.760983812303077434e-01,9.036554654465193126e-01,2.798384256436256545e-01,3.000621350473640092e-01
5.056354676296657136e-01,4.288427042440692283e-01,9.036554654465193126e-01,1.479495153852552480e-01,5.484079758026895179e-01,1.227752777243389937e-01
2.528882914760652301e-01,9.933760995932117144e-02,2.798384256436256545e-01,5.484079758026895179e-01,2.183200604382125043e-01,3.017690880659618102e-01
7.240661847260981832e-01,3.919909011016139422e-01,3.000621350473640092e-01,1.227752777243389937e-01,3.017690880659618102e-01,8.796708074911533393e-01
