3.135680951624255641e-01,2.656399089670505864e-01,4.223007263945098289e-01,5.481633040587248207e-01,4.226906953552371782e-01,7.814440940248738032e-01
2.656399089670505864e-01,3.822390784650604445e-01,4.855660646406819159e-01,4.911484754293945487e-01,8.386125399600732333e-01,6.677637274107284249e-01
4.223007263945098289e-01,4.855660646406819159e-01,9.604073316423739071e-01,6.000893668870210806e-01,6.799160870393146094e-01,5.842524335844072603e-01
5.481633040587248207e-01,4.911484754293945487e-01,6.000893668870210806e-01,3.688547153727721462e-01,3.058890318892538152e-01,4.253829883223244068e-01
4.226906953552371782e-01,8.386125399600732333e-01,6.799160870393146094e-01,3.058890318892538152e-01,4.200379604179769188e-01,6.560089462715346098e-01
7.814440940248738032e-01,6.677637274107284249e-01,5.842524335844072603e-01,4.253829883223244068e-01,6.560089462715346098e-01,9.925788533926168666e-01
