1.341927675359139149e-01,5.838197274663966541e-01,2.490911649226647540e-01,2.599592252244568025e-01,8.428100808237048991e-01,4.819764563995491136e-01
5.838197274663966541e-01,2.443786055808916391e-02,5.943423169395645189e-01,5.666946103144812064e-01,2.842625558108862749e-01,6.159695933609693475e-01
2.490911649226647540e-01,5.943423169395645189e-01,5.079998138666738106e-01,5.476007441767560824e-01,5.132143313117534245e-01,1.507231504845727987e-01
2.599592252244568025e-01,5.666946103144812064e-01,5.476007441767560824e-01,2.997913519597990017e-01,3.640036206319464118e-01,5.902278929686113340e-01
8.428100808237048991e-01,2.842625558108862749e-01,5.132143313117534245e-01,3.640036206319464118e-01,8.470223229744909821e-01,4.141564729748128948e-01
4.819764563995491136e-01,6.159695933609693475e-01,1.507231504845727987e-01,5.902278929686113340e-01,4.141564729748128948e-01,5.044968302126178195e-01
