3.218945232402230516e-01,3.668383762130814074e-01,3.300308336824615552e-01,4.633690769597521575e-01,8.031611176968662669e-01,4.450421505773328734e-01,9.321937537802262863e-01
3.668383762130814074e-01,3.233033776802710646e-01,8.889489523746298971e-01,7.735817783488311283e-01,4.196185157623800177e-01,4.741566237553569430e-01,5.298958611538493457e-01
3.300308336824615552e-01,8.889489523746298971e-01,4.664598963252238883e-01,4.464553920682707289e-01,1.057878649046028463e-01,7.752035693573064989e-01,3.746933369003070391e-01
4.633690769597521575e-01,7.735817783488311283e-01,4.464553920682707289e-01,2.536291323624935146e-01,1.497374079372964517e-01,1.071106273108924922e-01,2.680493559476321841e-01
8.031611176968662669e-01,4.196185157623800177e-01,1.057878649046028463e-01,1.497374079372964517e-01,2.269960696231541064e-01,4.693050419081939983e-01,8.701114533328451195e-01
4.450421505773328734e-01,4.741566237553569430e-01,7.752035693573064989e-01,1.071106273108924922e-01,4.693050419081939983e-01,9.613639994615026385e-01,1.571479504580253761e-01
9.321937537802262863e-01,5.298958611538493457e-01,3.746933369003070391e-01,2.680493559476321841e-01,8.701114533328451195e-01,1.571479504580253761e-01,8.303742624957780594e-01
