3.213867490111115277e-01,6.012849249526271977e-01,7.167344638386485833e-01,3.405488882938457196e-01,9.565386644079847400e-01,2.379431169731238138e-01
6.012849249526271977e-01,6.137437938079419730e-01,5.470764035354831467e-01,6.706758419175269381e-01,8.503821646748968011e-01,7.009762404338089059e-01
7.167344638386485833e-01,5.470764035354831467e-01,8.950075386748901352e-01,3.678294966480901707e-01,3.968405708089807749e-01,5.931204117717882029e-01
3.405488882938457196e-01,6.706758419175269381e-01,3.678294966480901707e-01,2.682038314594212824e-01,2.231825482082278600e-01,4.262797748132438613e-01
9.565386644079847400e-01,8.503821646748968011e-01,3.968405708089807749e-01,2.231825482082278600e-01,2.949653563448307869e-01,5.918938161455702396e-01
2.379431169731238138e-01,7.009762404338089059e-01,5.931204117717882029e-01,4.262797748132438613e-01,5.918938161455702396e-01,2.991817312200041323e-01
