9.489958803514916275e-01,6.237168386392621944e-01,3.637938001145918920e-01,4.469624059904544477e-01,1.200576500941325508e-01,6.427194649200862475e-01
6.237168386392621944e-01,5.445958574868908775e-01,6.878418056644066692e-01,3.500689835132804184e-01,2.154415658192316840e-01,6.198037739181250227e-01
3.637938001145918920e-01,6.878418056644066692e-01,5.751068375525413279e-01,7.104441645530827909e-01,5.644490046169649000e-01,3.999771315392514626e-01
4.469624059904544477e-01,3.500689835132804184e-01,7.104441645530827909e-01,1.585735180459344473e-01,6.730120102488504896e-01,4.205386365742435073e-01
1.200576500941325508e-01,2.154415658192316840e-01,5.644490046169649000e-01,6.730120102488504896e-01,8.235207321562586502e-01,3.387052987644434965e-01
6.427194649200862475e-01,6.198037739181250227e-01,3.999771315392514626e-01,4.205386365742435073e-01,3.387052987644434965e-01,1.863189230645094785e-01
