7.849145383599641645e-01,4.110561495933111043e-01,6.753495909025508670e-01,8.003897431681723518e-01,6.059568049387668021e-01,7.353237700203982818e-01,5.534797097636456886e-01
4.110561495933111043e-01,5.847350739955903265e-03,7.643087921336787494e-01,3.005139792537865340e-01,6.008466025871587179e-01,2.764322146774394473e-01,5.193017903254988354e-01
6.753495909025508670e-01,7.643087921336787494e-01,2.309185668537526714e-01,3.708415803585003445e-01,6.592472520745855658e-01,7.349662434967227931e-01,4.600472894965060289e-01
8.003897431681723518e-01,3.005139792537865340e-01,3.708415803585003445e-01,8.951238443076503515e-02,7.578760004575109122e-01,3.821610145311954976e-01,7.471811106442749484e-01
6.059568049387668021e-01,6.008466025871587179e-01,6.592472520745855658e-01,7.578760004575109122e-01,2.782161837160868068e-01,4.883342334963157172e-01,5.829154979466337760e-01
7.353237700203982818e-01,2.764322146774394473e-01,7.349662434967227931e-01,3.821610145311954976e-01,4.883342334963157172e-01,9.139838671592326325e-01,4.617311141926314644e-01
5.534797097636456886e-01,5.193017903254988354e-01,4.600472894965060289e-01,7.471811106442749484e-01,5.829154979466337760e-01,4.617311141926314644e-01,8.350443171235860662e-01
