2.159369437394480506e-01,3.603027165004511478e-01,9.233205719351194052e-01,5.352136523064023876e-01,4.707299808580232003e-01,1.293506698233522489e-01
3.603027165004511478e-01,1.130442212303787164e-01,2.664226227882794951e-01,3.635196840412652231e-01,4.966044777094457685e-01,4.616526830849350116e-01
9.233205719351194052e-01,2.664226227882794951e-01,7.442525292592039321e-02,7.827694532972593322e-01,4.702443363845395519e-01,4.405558622477859232e-01
5.352136523064023876e-01,3.635196840412652231e-01,7.827694532972593322e-01,1.099721426174854466e-01,6.243785024972074993e-01,2.987407399071344560e-01
4.707299808580232003e-01,4.966044777094457685e-01,4.702443363845395519e-01,6.243785024972074993e-01,4.386316726707821800e-01,4.567309374718687143e-01
1.293506698233522489e-01,4.616526830849350116e-01,4.405558622477859232e-01,2.987407399071344560e-01,4.567309374718687143e-01,2.591373415713349448e-02
