5.550701573165909286e-01,5.455413313831019018e-01,2.579588730018180787e-01,4.123725406855255904e-01,6.085323316901576352e-01,3.894111222577455456e-01
5.455413313831019018e-01,7.584041096765044010e-01,7.644865999671406342e-01,8.180322754810614994e-01,6.858082410215691205e-01,3.646463429493490560e-01
2.579588730018180787e-01,7.644865999671406342e-01,2.140909447635346297e-01,4.505629322184849794e-01,3.297715161984260401e-01,3.636337075685357467e-01
4.123725406855255904e-01,8.180322754810614994e-01,4.505629322184849794e-01,4.078422530333803975e-01,3.719838492807772679e-01,4.678405819540739641e-01
6.085323316901576352e-01,6.858082410215691205e-01,3.297715161984260401e-01,3.719838492807772679e-01,2.672174566585433508e-01,3.191045980476183708e-01
3.894111222577455456e-01,3.646463429493490560e-01,3.636337075685357467e-01,4.678405819540739641e-01,3.191045980476183708e-01,4.644369452453552816e-01
