5.698156830579277354e-01,5.104674741877475164e-01,2.354664014131503391e-01,4.471876892150187244e-01,4.427230969044280151e-01,7.208803569936633737e-01,1.233941661400173584e-01
5.104674741877475164e-01,5.240964274057535732e-01,7.482343103130792983e-01,6.054064221605505169e-01,6.206712330074894979e-01,3.617404306339432329e-01,3.571115245440398822e-01
2.354664014131503391e-01,7.482343103130792983e-01,6.033499893173543960e-02,4.422647281345097325e-01,6.458958120215300136e-01,2.589135780944683551e-01,7.376517192483975638e-01
4.471876892150187244e-01,6.054064221605505169e-01,4.422647281345097325e-01,8.433009757215437219e-01,4.388076649314326394e-01,1.377084864774824058e-01,3.831275669216588353e-01
4.427230969044280151e-01,6.206712330074894979e-01,6.458958120215300136e-01,4.388076649314326394e-01,6.775985315990916691e-01,8.289638948105221283e-01,1.564574721262785850e-01
7.208803569936633737e-01,3.617404306339432329e-01,2.589135780944683551e-01,1.377084864774824058e-01,8.289638948105221283e-01,3.636886536649761581e-01,3.573830986248278108e-01
1.233941661400173584e-01,3.571115245440398822e-01,7.376517192483975638e-01,3.831275669216588353e-01,1.564574721262785850e-01,3.573830986248278108e-01,4.585085805129759384e-01
