6.534276440277597686e-03,5.254631777575299312e-01,2.675960966700540178e-01,2.470426533903608557e-01,3.154127754888312318e-01,3.468291998826451006e-01
5.254631777575299312e-01,5.737234918572596820e-01,7.005481915634929058e-01,4.040351592262096392e-01,5.226497546776063263e-01,4.006682616998223923e-01
2.675960966700540178e-01,7.005481915634929058e-01,9.301791753508724669e-01,7.519736064046531610e-01,7.129339308167781386e-01,3.594256216762244383e-01
2.470426533903608557e-01,4.040351592262096392e-01,7.519736064046531610e-01,9.072012517848241364e-01,5.943101440968816540e-01,4.128872467384245293e-01
3.154127754888312318e-01,5.226497546776063263e-01,7.129339308167781386e-01,5.943101440968816540e-01,5.430427035504220568e-01,3.509719692021515125e-01
3.468291998826451006e-01,4.006682616998223923e-01,3.594256216762244383e-01,4.128872467384245293e-01,3.509719692021515125e-01,7.703786347888094133e-01
