9.202263145579933079e-01,8.716151110562271320e-01,4.632382846446319036e-01,8.854810691392772659e-01,5.804545594586529855e-01,9.035906606081451908e-01
8.716151110562271320e-01,5.466893492669978594e-01,3.572857560489291484e-01,5.037390168458084627e-01,8.852151218884894979e-01,2.531952550308966821e-01
4.632382846446319036e-01,3.572857560489291484e-01,4.144711045533624461e-01,6.473700166123961264e-01,3.021363390013015460e-01,4.733338696687578451e-01
8.854810691392772659e-01,5.037390168458084627e-01,6.473700166123961264e-01,3.452260617597812109e-01,6.035073493662193034e-01,3.243276134212745854e-01
5.804545594586529855e-01,8.852151218884894979e-01,3.021363390013015460e-01,6.035073493662193034e-01,9.418260136765209678e-01,4.687814577583959696e-01
9.035906606081451908e-01,2.531952550308966821e-01,4.733338696687578451e-01,3.243276134212745854e-01,4.687814577583959696e-01,5.838874320326642442e-01
