7.447463866094578000e-01,5.133328120635010094e-01,2.158725781696556045e-01,7.304346060385805695e-01,4.460920609117789981e-01,7.361985592337677575e-01
5.133328120635010094e-01,5.609664086686383389e-02,8.039455100198060755e-01,1.648915987089962787e-01,2.493012204566280587e-01,5.215839322292976643e-01
2.158725781696556045e-01,8.039455100198060755e-01,2.867429525958289371e-01,6.140127457597022165e-01,4.756673979872622082e-01,2.660421953208725321e-01
7.304346060385805695e-01,1.648915987089962787e-01,6.140127457597022165e-01,6.449028211008537292e-01,3.178421987352380018e-01,8.448523570703516672e-01
4.460920609117789981e-01,2.493012204566280587e-01,4.756673979872622082e-01,3.178421987352380018e-01,3.493105434910435125e-01,7.296480605477795311e-01
7.361985592337677575e-01,5.215839322292976643e-01,2.660421953208725321e-01,8.448523570703516672e-01,7.296480605477795311e-01,7.746730853673090555e-01
