6.865289604427676773e-01,3.996174921077423892e-01,4.315411381772009114e-01,2.730795225479450417e-01,1.225886319683502923e-01,5.353526862795912056e-01
3.996174921077423892e-01,9.976874477700481414e-02,6.932219038590871074e-01,4.934059633703790637e-01,7.332944285011746555e-01,9.242569582122288629e-01
4.315411381772009114e-01,6.932219038590871074e-01,7.707563727729492831e-01,8.373696419944893776e-01,2.103774583309868107e-01,3.841477474898256639e-01
2.730795225479450417e-01,4.934059633703790637e-01,8.373696419944893776e-01,7.451225887237747925e-01,4.531783609349916975e-01,4.645563222601121756e-01
1.225886319683502923e-01,7.332944285011746555e-01,2.103774583309868107e-01,4.531783609349916975e-01,2.558587719965522700e-01,3.442258397419259985e-01
5.353526862795912056e-01,9.242569582122288629e-01,3.841477474898256639e-01,4.645563222601121756e-01,3.442258397419259985e-01,7.210228733804983081e-01
