1.054592661841881052e-01,7.855781816560176711e-01,9.130451122853459056e-01,4.728061127574561540e-01,1.154190872156468650e-01,5.002156376263888760e-01
7.855781816560176711e-01,8.924366941145771559e-01,6.146332673743516439e-01,8.502333161617923185e-01,8.863327514142542718e-01,5.834136267797059849e-01
9.130451122853459056e-01,6.146332673743516439e-01,6.650080352056599864e-01,6.271333907281332332e-01,5.116534627104858401e-01,3.063946994410508551e-01
4.728061127574561540e-01,8.502333161617923185e-01,6.271333907281332332e-01,7.212795466462051941e-02,3.989124216438313386e-01,5.935181241087883475e-01
1.154190872156468650e-01,8.863327514142542718e-01,5.116534627104858401e-01,3.989124216438313386e-01,1.901958008908842812e-01,6.577515427578608520e-01
5.002156376263888760e-01,5.834136267797059849e-01,3.063946994410508551e-01,5.935181241087883475e-01,6.577515427578608520e-01,3.068071153347627922e-01
