1.965575413476707833e-01,4.266223656874351122e-01,5.136297332491956968e-01,4.783052051638995716e-01,1.754829071787716854e-01,2.335757210530857164e-01
4.266223656874351122e-01,6.758294265947052404e-01,6.258056816899346675e-01,8.621709080168225015e-01,5.966213690135888648e-01,4.840672691800463334e-01
5.136297332491956968e-01,6.258056816899346675e-01,2.651928148934252771e-01,4.478528876764190647e-01,2.433267233323005985e-01,1.413424050682994260e-01
4.783052051638995716e-01,8.621709080168225015e-01,4.478528876764190647e-01,4.638183669710689294e-01,6.825562446226933755e-01,8.839874119352261195e-01
1.754829071787716854e-01,5.966213690135888648e-01,2.433267233323005985e-01,6.825562446226933755e-01,2.742105293646582842e-01,9.370889580150694176e-01
2.335757210530857164e-01,4.840672691800463334e-01,1.413424050682994260e-01,8.839874119352261195e-01,9.370889580150694176e-01,3.669124933348225648e-01
