3.910283070563219665e-01,6.016368634131434856e-01,3.854020327045605265e-01,8.542659518425058662e-01,7.156137021668527165e-01,4.031931777808658857e-01,3.860571164973041758e-01
6.016368634131434856e-01,6.901019904727936360e-01,3.123772067857373824e-01,3.775080277951492480e-01,5.652756768919104946e-01,4.695517473353626459e-01,4.056362527394857254e-01
3.854020327045605265e-01,3.123772067857373824e-01,4.384656263630462014e-01,7.059808411150468865e-01,4.355413424041290615e-01,3.822676823796132828e-01,7.985999145716923264e-01
8.542659518425058662e-01,3.775080277951492480e-01,7.059808411150468865e-01,8.003207760007566840e-01,9.652920358179004623e-01,1.081972012041332309e-01,5.644756930953132024e-01
7.156137021668527165e-01,5.652756768919104946e-01,4.355413424041290615e-01,9.652920358179004623e-01,6.384214452889913627e-01,5.627627655455934574e-01,1.636035875765006753e-01
4.031931777808658857e-01,4.695517473353626459e-01,3.822676823796132828e-01,1.081972012041332309e-01,5.627627655455934574e-01,2.293655782968194723e-01,6.183348662208716373e-01
3.860571164973041758e-01,4.056362527394857254e-01,7.985999145716923264e-01,5.644756930953132024e-01,1.636035875765006753e-01,6.183348662208716373e-01,5.967790648215158811e-01
