4.165626912232504031e-01,2.573177967014666501e-01,5.862790976436571544e-01,4.746967114567253176e-01,1.666615552202929118e-01,9.803209066848816988e-02,1.169090184615708128e-01
2.573177967014666501e-01,5.625633726465186779e-01,3.202759456718972664e-01,6.422326211810531760e-01,6.899750200263596867e-01,5.429873028148202163e-01,2.742576773000706125e-01
5.862790976436571544e-01,3.202759456718972664e-01,6.858857192585906537e-01,5.577433433870436774e-01,4.376036301519326543e-01,5.084625581686841311e-01,4.222503468049021991e-01
4.746967114567253176e-01,6.422326211810531760e-01,5.577433433870436774e-01,4.827755505648123613e-01,5.749627155860039807e-01,3.569977212530718313e-01,8.808349106273958284e-01
1.666615552202929118e-01,6.899750200263596867e-01,4.376036301519326543e-01,5.749627155860039807e-01,3.186616541893420029e-01,2.039785620374974240e-01,8.505838482282335189e-01
9.803209066848816988e-02,5.429873028148202163e-01,5.084625581686841311e-01,3.569977212530718313e-01,2.039785620374974240e-01,5.545273885605617181e-02,6.125730885621942789e-01
1.169090184615708128e-01,2.742576773000706125e-01,4.222503468049021991e-01,8.808349106273958284e-01,8.505838482282335189e-01,6.125730885621942789e-01,1.510051599632802333e-01
