1.154868047280799281e-01,6.699873139583274462e-01,8.392249102035392871e-01,5.719151592057285516e-01,3.786220829319805747e-01,5.956636235154828540e-01
6.699873139583274462e-01,2.854658112304238049e-01,6.809822252877508753e-01,5.944802922758364305e-01,2.362533950528049043e-01,2.944057569961529564e-01
8.392249102035392871e-01,6.809822252877508753e-01,2.074154145427578033e-01,6.284273199817849154e-01,9.807230639551739459e-02,4.853351956386878219e-01
5.719151592057285516e-01,5.944802922758364305e-01,6.284273199817849154e-01,5.324119460950571536e-01,5.135892500926353410e-01,6.110437043560567050e-01
3.786220829319805747e-01,2.362533950528049043e-01,9.807230639551739459e-02,5.135892500926353410e-01,8.859761527463198005e-01,6.899265087183878986e-01
5.956636235154828540e-01,2.944057569961529564e-01,4.853351956386878219e-01,6.110437043560567050e-01,6.899265087183878986e-01,6.500898405111897871e-01
