1.490058727079706102e-01,7.388605503018279563e-01,7.868718592831613901e-01,4.772541347351826335e-01,4.958316089192002507e-01,4.408040036884223745e-01
7.388605503018279563e-01,5.472265713479473881e-03,2.616446435565370487e-01,7.756911898070881772e-01,2.943500097461888565e-01,2.887677599380105709e-01
7.868718592831613901e-01,2.616446435565370487e-01,1.761916394030141886e-01,6.397383511923938615e-01,4.816553988169262612e-01,1.446953867183147779e-01
4.772541347351826335e-01,7.756911898070881772e-01,6.397383511923938615e-01,5.297683431889744776e-01,3.191979357017025731e-01,8.201753302156538084e-01
4.958316089192002507e-01,2.943500097461888565e-01,4.816553988169262612e-01,3.191979357017025731e-01,3.737217260220490056e-01,2.997567957503435854e-01
4.408040036884223745e-01,2.887677599380105709e-01,1.446953867183147779e-01,8.201753302156538084e-01,2.997567957503435854e-01,1.841165402802860118e-01
