9.855593176723903559e-01,2.401179602030445448e-01,1.873043692494222867e-01,9.121666359822087067e-01,5.195990064186508661e-01,5.202167309062937228e-01
2.401179602030445448e-01,1.300067609340953556e-01,4.692610601323563557e-01,8.015655569385976564e-02,7.228986418242977496e-01,3.318713710872528422e-01
1.873043692494222867e-01,4.692610601323563557e-01,7.022795292247402399e-01,8.534242693632925203e-01,1.656308881428549262e-01,9.206910525164211379e-01
9.121666359822087067e-01,8.015655569385976564e-02,8.534242693632925203e-01,4.716830713427569988e-01,1.137008650446041380e-01,4.673943411780667745e-01
5.195990064186508661e-01,7.228986418242977496e-01,1.656308881428549262e-01,1.137008650446041380e-01,9.490834628514503990e-01,1.830431964496102570e-01
5.202167309062937228e-01,3.318713710872528422e-01,9.206910525164211379e-01,4.673943411780667745e-01,1.830431964496102570e-01,1.873181635246946586e-01
