7.053756332041689614e-01,4.267755744484446057e-01,2.507092171760206267e-01,6.589027569706185083e-01,3.505326098184086692e-01,7.414343299319181568e-02
4.267755744484446057e-01,5.649730437087076007e-01,7.011656523680576125e-01,5.419029852681429560e-01,4.343978152843946394e-01,8.886317102510654653e-01
2.507092171760206267e-01,7.011656523680576125e-01,4.065232175951466465e-01,2.039282521995997022e-01,4.897364166448852640e-01,8.402825443994701438e-01
6.589027569706185083e-01,5.419029852681429560e-01,2.039282521995997022e-01,7.034608456744136928e-01,5.491929654595393284e-01,2.534447269722812646e-01
3.505326098184086692e-01,4.343978152843946394e-01,4.897364166448852640e-01,5.491929654595393284e-01,2.246738888214858676e-01,5.100605391648327380e-01
7.414343299319181568e-02,8.886317102510654653e-01,8.402825443994701438e-01,2.534447269722812646e-01,5.100605391648327380e-01,6.054928885857110421e-01
