7.198615298967151466e-01,5.966001616776466232e-01,7.827932714311245377e-01,7.150426912657437128e-01,5.288029725688607741e-01,2.977885124056055544e-01
5.966001616776466232e-01,5.658358748963674412e-01,6.282011094687671715e-01,5.092291144759162336e-01,7.762534471936275438e-01,7.047620336645885608e-01
7.827932714311245377e-01,6.282011094687671715e-01,7.149170796495788460e-01,2.871485839149172659e-01,5.713153776295927244e-01,2.407194682556889620e-01
7.150426912657437128e-01,5.092291144759162336e-01,2.871485839149172659e-01,3.038864292039670234e-01,5.212972636647832392e-01,3.920825551657011188e-01
5.288029725688607741e-01,7.762534471936275438e-01,5.713153776295927244e-01,5.212972636647832392e-01,8.802709726377280219e-01,3.822839747488341877e-01
2.977885124056055544e-01,7.047620336645885608e-01,2.407194682556889620e-01,3.920825551657011188e-01,3.822839747488341877e-01,7.976697640607209872e-01
