2.425059597044956217e-01,7.077111240064672959e-01,4.570843983917376452e-01,8.206421964707466543e-01,3.835892032575467514e-01,7.748638558206661919e-01,8.146268735455303167e-01
7.077111240064672959e-01,4.160948084227746868e-01,8.064335415979917432e-01,5.505130125921444684e-01,7.390420971503195435e-01,7.933065820633899978e-01,2.547786669780526814e-01
4.570843983917376452e-01,8.064335415979917432e-01,8.231877731574971380e-01,3.037963081516455444e-01,4.662409613807259046e-01,1.219932681518248740e-01,3.797116174831077773e-02
8.206421964707466543e-01,5.505130125921444684e-01,3.037963081516455444e-01,8.669739078247717945e-01,4.759334161467445035e-01,2.853874868021562539e-01,2.100988873631948195e-01
3.835892032575467514e-01,7.390420971503195435e-01,4.662409613807259046e-01,4.759334161467445035e-01,9.405546256411169148e-01,3.131524518748898256e-01,5.072347847633248419e-01
7.748638558206661919e-01,7.933065820633899978e-01,1.219932681518248740e-01,2.853874868021562539e-01,3.131524518748898256e-01,2.019132510759402699e-01,8.119100955287328336e-01
8.146268735455303167e-01,2.547786669780526814e-01,3.797116174831077773e-02,2.100988873631948195e-01,5.072347847633248419e-01,8.119100955287328336e-01,8.382908732284753972e-01
