5.958449514030592642e-01,6.500142880949848490e-01,4.261998963798262485e-01,7.664305048436629297e-01,4.538633198613055142e-01,5.669068731916953041e-01
6.500142880949848490e-01,3.267635914715842915e-01,3.027494064867295442e-01,6.731816502325975726e-01,8.497809372137890005e-01,7.457120556790859389e-01
4.261998963798262485e-01,3.027494064867295442e-01,4.374116237738019386e-01,6.047588813540374364e-01,5.253204819517041102e-01,4.709007437467950252e-01
7.664305048436629297e-01,6.731816502325975726e-01,6.047588813540374364e-01,6.662059028272558914e-01,3.616334283005836481e-01,3.040846722805518043e-02
4.538633198613055142e-01,8.497809372137890005e-01,5.253204819517041102e-01,3.616334283005836481e-01,7.574147224059620820e-01,4.390108604174047802e-03
5.669068731916953041e-01,7.457120556790859389e-01,4.709007437467950252e-01,3.040846722805518043e-02,4.390108604174047802e-03,5.368079229731872459e-01
