4.974592400714507034e-01,4.290992941040082109e-01,8.180196365107961221e-02,4.786011713629596542e-01,5.545894745679500470e-01,5.075196199035548750e-01
4.290992941040082109e-01,9.422630447133415466e-01,5.359817052150934735e-01,5.492984837383008134e-01,6.558266899985307763e-01,5.668234364781180590e-01
8.180196365107961221e-02,5.359817052150934735e-01,2.426357975342502415e-01,3.718996798207956367e-01,4.093458543134426142e-01,1.610427224653203093e-01
4.786011713629596542e-01,5.492984837383008134e-01,3.718996798207956367e-01,5.791398782612804386e-01,5.262578763227825362e-01,6.637523626891599360e-01
5.545894745679500470e-01,6.558266899985307763e-01,4.093458543134426142e-01,5.262578763227825362e-01,3.653407768620233753e-01,3.121310996726861520e-01
5.075196199035548750e-01,5.668234364781180590e-01,1.610427224653203093e-01,6.637523626891599360e-01,3.121310996726861520e-01,1.583706437068492789e-01
