9.146259957068635371e-01,6.009070324929943752e-01,8.394596183604219330e-01,9.217472874069829736e-01,4.487674669681185335e-01,6.491655838887787633e-01
6.009070324929943752e-01,9.503917286692767918e-01,5.409721577412192062e-01,6.122742398027634092e-01,9.256322949041397852e-01,5.358140474290268296e-02
8.394596183604219330e-01,5.409721577412192062e-01,4.231075959286175747e-01,8.391074917376124542e-01,3.589391485307406593e-01,2.087109187287791157e-01
9.217472874069829736e-01,6.122742398027634092e-01,8.391074917376124542e-01,1.022915328702987958e-01,5.624917148561217051e-01,2.716640847610034548e-01
4.487674669681185335e-01,9.256322949041397852e-01,3.589391485307406593e-01,5.624917148561217051e-01,2.378680055902862023e-01,7.331964452713057856e-01
6.491655838887787633e-01,5.358140474290268296e-02,2.087109187287791157e-01,2.716640847610034548e-01,7.331964452713057856e-01,2.357331330376674083e-01
