8.169802222740230047e-01,4.601298610749944284e-01,3.764669844186378511e-01,4.285867051295329522e-01,5.808554261194649460e-01,4.593453102215013240e-01
4.601298610749944284e-01,9.913022389519998701e-02,5.428212525022124701e-01,3.133635762754392595e-01,8.747672247026261338e-01,5.954610080532287686e-01
3.764669844186378511e-01,5.428212525022124701e-01,3.551975984557366184e-01,5.446255253155378728e-01,2.197288511469472905e-01,5.288442713621475111e-01
4.285867051295329522e-01,3.133635762754392595e-01,5.446255253155378728e-01,7.877800704402240228e-01,7.579317664706133328e-01,5.922085007901037867e-01
5.808554261194649460e-01,8.747672247026261338e-01,2.197288511469472905e-01,7.579317664706133328e-01,9.777446423184614765e-01,5.480445107141518335e-01
4.593453102215013240e-01,5.954610080532287686e-01,5.288442713621475111e-01,5.922085007901037867e-01,5.480445107141518335e-01,2.021869036606529502e-01
