6.056967945632769634e-01,7.798941610471135100e-01,2.408447690144315811e-01,7.835039979471685179e-01,6.640349845487475422e-01,5.810699510929109302e-01
7.798941610471135100e-01,8.406165504295026736e-01,5.110989462322097499e-01,6.064971631460864820e-01,3.566134466026104066e-01,4.401558353968351156e-01
2.408447690144315811e-01,5.110989462322097499e-01,8.303639839873593331e-01,2.319336816570070070e-01,8.866410022878392638e-01,5.438630568317917025e-01
7.835039979471685179e-01,6.064971631460864820e-01,2.319336816570070070e-01,8.103225024346106808e-01,7.996521380376639954e-01,3.855874778373323819e-01
6.640349845487475422e-01,3.566134466026104066e-01,8.866410022878392638e-01,7.996521380376639954e-01,1.388598822566555757e-02,3.622430187820332437e-01
5.810699510929109302e-01,4.401558353968351156e-01,5.438630568317917025e-01,3.855874778373323819e-01,3.622430187820332437e-01,1.591259733774949003e-01
