1.981335652145643778e-01,1.111507683620979736e-01,6.956491279064754840e-01,3.855102245450530707e-01,7.686672909998290004e-01,7.505461165985685135e-01
1.111507683620979736e-01,2.057873495862010405e-01,8.115661247618543017e-01,6.459553063490708347e-01,7.323270343599896925e-02,2.366122245653951572e-01
6.956491279064754840e-01,8.115661247618543017e-01,7.705740972886404583e-01,9.214755233294660286e-01,4.617125762121284116e-01,8.157288441538479429e-01
3.855102245450530707e-01,6.459553063490708347e-01,9.214755233294660286e-01,2.843990913721474723e-01,4.324954555483448426e-01,1.833846572004906306e-01
7.686672909998290004e-01,7.323270343599896925e-02,4.617125762121284116e-01,4.324954555483448426e-01,7.435774049898934424e-01,4.417346181773128544e-01
7.505461165985685135e-01,2.366122245653951572e-01,8.157288441538479429e-01,1.833846572004906306e-01,4.417346181773128544e-01,1.801245420147666865e-01
