9.204251180717042402e-01,3.720445172631030584e-01,2.118724977551585953e-01,7.279903161139490431e-01,3.821289409991797115e-01,3.023824182892951851e-01,5.137500339454691423e-01
3.720445172631030584e-01,8.050330148934423669e-01,4.777801522192008377e-01,7.400641803366848626e-01,6.155495801577244297e-01,8.035485667757412687e-01,7.655726590744361681e-01
2.118724977551585953e-01,4.777801522192008377e-01,5.947341879039297341e-01,6.388848097271035975e-01,6.931261526321165212e-01,7.193681570633608802e-01,8.457783799642588640e-01
7.279903161139490431e-01,7.400641803366848626e-01,6.388848097271035975e-01,8.079985364176535123e-01,1.105048791974082567e-01,6.566872445028288929e-01,5.614588665974630244e-01
3.821289409991797115e-01,6.155495801577244297e-01,6.931261526321165212e-01,1.105048791974082567e-01,2.035357977508498450e-01,4.881424261345226334e-01,2.678859197685883320e-01
3.023824182892951851e-01,8.035485667757412687e-01,7.193681570633608802e-01,6.566872445028288929e-01,4.881424261345226334e-01,1.736907654286897751e-01,3.230583638873359975e-01
5.137500339454691423e-01,7.655726590744361681e-01,8.457783799642588640e-01,5.614588665974630244e-01,2.678859197685883320e-01,3.230583638873359975e-01,1.461555119723642049e-01
