1.772368229853484856e-01,7.646729873465077931e-01,5.173243159977252148e-01,9.756338462238014486e-01,5.182426246171691897e-01,2.803402292866937762e-01,3.000935596924444448e-01
7.646729873465077931e-01,1.284644759286180937e-01,4.478769968149419189e-01,6.410213366194408291e-01,6.841932860648343162e-01,4.292527189827909928e-01,3.080728781629485935e-01
5.173243159977252148e-01,4.478769968149419189e-01,6.963342100690081971e-01,7.696424907956671557e-01,5.129849316834269590e-01,3.811691861402906611e-01,4.981550252604478035e-01
9.756338462238014486e-01,6.410213366194408291e-01,7.696424907956671557e-01,9.180641461551928284e-01,2.856449585879581865e-01,4.468409537957701572e-01,4.526387496379985498e-02
5.182426246171691897e-01,6.841932860648343162e-01,5.129849316834269590e-01,2.856449585879581865e-01,3.581537040871746180e-01,3.060528917221207457e-01,5.383251318590187573e-01
2.803402292866937762e-01,4.292527189827909928e-01,3.811691861402906611e-01,4.468409537957701572e-01,3.060528917221207457e-01,2.103437707392180611e-01,8.035934502865118567e-01
3.000935596924444448e-01,3.080728781629485935e-01,4.981550252604478035e-01,4.526387496379985498e-02,5.383251318590187573e-01,8.035934502865118567e-01,3.017406998194704926e-01
