5.671455661872613074e-01,5.226174849954816626e-01,6.152101124782902719e-01,8.887960058101027627e-01,2.584513203710757656e-01,5.728900806748021823e-01
5.226174849954816626e-01,9.979569702501542849e-01,3.487195159135418887e-01,6.579621900586692940e-01,5.218766373298876493e-01,3.647480722254291541e-01
6.152101124782902719e-01,3.487195159135418887e-01,9.592133502187498717e-01,6.263629272619513078e-01,5.553170288774899044e-01,5.535071587152087247e-01
8.887960058101027627e-01,6.579621900586692940e-01,6.263629272619513078e-01,2.603817875158902506e-01,3.924612645733437377e-01,3.817560503205252864e-01
2.584513203710757656e-01,5.218766373298876493e-01,5.553170288774899044e-01,3.924612645733437377e-01,8.093255271534954831e-01,2.915498682122689700e-01
5.728900806748021823e-01,3.647480722254291541e-01,5.535071587152087247e-01,3.817560503205252864e-01,2.915498682122689700e-01,7.819152243933884527e-01
