7.980796996839790713e-01,3.799321109611991099e-01,7.851789141182048404e-01,4.697242167025678095e-02,1.475120011721033353e-01,6.663778314632351485e-01
3.799321109611991099e-01,4.297649118280550962e-01,3.272858748710373855e-01,7.239317542390688587e-01,5.986929689783924147e-01,5.967054907434994337e-01
7.851789141182048404e-01,3.272858748710373855e-01,4.190528219099023399e-01,7.039551835438480065e-01,2.000397212173599115e-01,3.611538110284916447e-01
4.697242167025678095e-02,7.239317542390688587e-01,7.039551835438480065e-01,7.244412502778768692e-01,4.849002897756168884e-01,6.343854294057387211e-01
1.475120011721033353e-01,5.986929689783924147e-01,2.000397212173599115e-01,4.849002897756168884e-01,4.159486134405284696e-01,5.631543847041351469e-01
6.663778314632351485e-01,5.967054907434994337e-01,3.611538110284916447e-01,6.343854294057387211e-01,5.631543847041351469e-01,3.394064084421112293e-01
