7.525264669860166622e-01,7.304899006143596996e-01,5.842466707202900178e-01,3.171597783595809794e-01,6.285365436357118751e-01,4.880621392322321284e-01,6.047733307391540691e-01
7.304899006143596996e-01,5.941260177551573873e-01,4.885720321097204444e-01,1.807638421710170418e-01,5.261343825710425026e-01,5.239361322066093951e-01,2.822380379633714353e-01
5.842466707202900178e-01,4.885720321097204444e-01,3.169420207512896326e-01,7.865231269794294988e-01,5.735802249811532416e-01,1.592061094431284629e-01,8.110958223759953123e-01
3.171597783595809794e-01,1.807638421710170418e-01,7.865231269794294988e-01,2.739273736137177728e-01,6.460812696079705209e-01,4.496996831396435912e-01,1.022299181622255970e-01
6.285365436357118751e-01,5.261343825710425026e-01,5.735802249811532416e-01,6.460812696079705209e-01,4.678599601634554350e-01,2.345624808392590133e-01,9.370792841394115502e-01
4.880621392322321284e-01,5.239361322066093951e-01,1.592061094431284629e-01,4.496996831396435912e-01,2.345624808392590133e-01,1.036860175710723198e-01,5.127021551005893629e-01
6.047733307391540691e-01,2.822380379633714353e-01,8.110958223759953123e-01,1.022299181622255970e-01,9.370792841394115502e-01,5.127021551005893629e-01,5.091493199368037903e-01
