5.960331873905516664e-01,6.029093115535868463e-01,6.466660801057773078e-01,6.121770436469942123e-01,2.033695063894549460e-01,2.509493953820627343e-01
6.029093115535868463e-01,2.364153348974442626e-01,6.432990336481918536e-01,5.053521931175778414e-01,2.548798263733519365e-01,5.494659787650915117e-01
6.466660801057773078e-01,6.432990336481918536e-01,6.223953380003789393e-01,5.289089053301054832e-01,5.044190409358868532e-01,4.565912891528496331e-01
6.121770436469942123e-01,5.053521931175778414e-01,5.289089053301054832e-01,7.906344319344380533e-01,8.597665001405705443e-01,6.063435442755689131e-01
2.033695063894549460e-01,2.548798263733519365e-01,5.044190409358868532e-01,8.597665001405705443e-01,1.021929007203219442e-01,5.815026717388888100e-01
2.509493953820627343e-01,5.494659787650915117e-01,4.565912891528496331e-01,6.063435442755689131e-01,5.815026717388888100e-01,8.061119007738106745e-01
