6.594399730431325102e-01,6.104339341012030573e-01,5.250501663675306574e-01,7.297919353780863982e-01,4.790363828368420784e-01,2.914415207498884941e-01
6.104339341012030573e-01,1.927739902462310972e-01,4.850305773065357040e-01,7.225841364302793002e-01,5.329545918602431875e-01,2.053116438326470505e-01
5.250501663675306574e-01,4.850305773065357040e-01,7.942350293594235833e-01,3.813927296532750866e-01,3.153654502435543350e-01,4.896353008617017055e-01
7.297919353780863982e-01,7.225841364302793002e-01,3.813927296532750866e-01,4.583272512190655901e-01,6.083581126314256959e-01,3.808284251299396961e-01
4.790363828368420784e-01,5.329545918602431875e-01,3.153654502435543350e-01,6.083581126314256959e-01,1.662544237978720307e-01,3.011104258362511388e-01
2.914415207498884941e-01,2.053116438326470505e-01,4.896353008617017055e-01,3.808284251299396961e-01,3.011104258362511388e-01,2.591095623929124958e-01
