4.651462699915731580e-02,3.357928409605851483e-01,7.448168390615416135e-01,6.495031200775285285e-01,3.876302766405846922e-01,6.134737676935350104e-01
3.357928409605851483e-01,7.760113176531839851e-01,5.127486992754313189e-01,5.688859128310578273e-01,8.697859573889397122e-01,7.020945234521922540e-01
7.448168390615416135e-01,5.127486992754313189e-01,3.871750167340629600e-01,3.684131587233340777e-01,1.630175763493822427e-01,8.504279015605391567e-01
6.495031200775285285e-01,5.688859128310578273e-01,3.684131587233340777e-01,2.601274576359059454e-01,6.121591888941934068e-01,7.266999984191411244e-01
3.876302766405846922e-01,8.697859573889397122e-01,1.630175763493822427e-01,6.121591888941934068e-01,5.582541826492769532e-01,4.869346864627889238e-01
6.134737676935350104e-01,7.020945234521922540e-01,8.504279015605391567e-01,7.266999984191411244e-01,4.869346864627889238e-01,5.441704715267292602e-01
