3.349492892081644690e-01,3.088327008619282665e-01,3.288750266894429064e-01,1.560392126504238086e-01,4.720744821179869710e-01,3.494289376706063988e-01
3.088327008619282665e-01,1.716920066365190678e-02,6.656854992272976945e-01,4.605351877388874637e-01,3.186768048937701492e-01,5.233524724017943885e-01
3.288750266894429064e-01,6.656854992272976945e-01,4.534009881787056662e-01,5.809692735477630654e-01,4.250608759965143202e-01,4.187435150749877488e-01
1.560392126504238086e-01,4.605351877388874637e-01,5.809692735477630654e-01,4.806832287014620730e-01,5.298909255671897522e-01,5.422348806736151383e-01
4.720744821179869710e-01,3.186768048937701492e-01,4.250608759965143202e-01,5.298909255671897522e-01,5.366252855428144120e-02,6.512351671822027566e-01
3.494289376706063988e-01,5.233524724017943885e-01,4.187435150749877488e-01,5.422348806736151383e-01,6.512351671822027566e-01,9.457167933810216587e-01
