8.736781643604587533e-01,4.252369701359385856e-01,5.698415615120959732e-01,8.017659522329123600e-01,4.283594279354195900e-01,8.236854731094289672e-01
4.252369701359385856e-01,7.479203200103807792e-01,3.881007868775049885e-01,4.093763324956727345e-01,6.530867441243234373e-01,2.373622473118875420e-01
5.698415615120959732e-01,3.881007868775049885e-01,7.815086610442154580e-01,7.642783816147395992e-01,5.600267743957866307e-01,5.886428544166483201e-01
8.017659522329123600e-01,4.093763324956727345e-01,7.642783816147395992e-01,1.341911958723315257e-01,5.825482428713868455e-01,1.823231683276835824e-01
4.283594279354195900e-01,6.530867441243234373e-01,5.600267743957866307e-01,5.825482428713868455e-01,2.422163005304199812e-01,3.387653012391746987e-01
8.236854731094289672e-01,2.373622473118875420e-01,5.886428544166483201e-01,1.823231683276835824e-01,3.387653012391746987e-01,9.296594747558010186e-01
