4.613866032400222306e-01,6.731177814651418956e-01,5.578864748367674542e-01,3.045042879018849402e-01,2.700023819250664259e-01,2.363792542726055323e-01
6.731177814651418956e-01,4.654855244404373371e-01,3.086896766250687429e-01,3.024197093711082918e-01,5.266823528026522983e-01,4.229813566186718110e-01
5.578864748367674542e-01,3.086896766250687429e-01,4.218570955732851013e-01,1.141008610280266344e-01,5.049180947065641245e-01,5.344039011444106091e-01
3.045042879018849402e-01,3.024197093711082918e-01,1.141008610280266344e-01,3.878089390036035811e-01,1.369966183259769266e-01,1.317774920690183982e-01
2.700023819250664259e-01,5.266823528026522983e-01,5.049180947065641245e-01,1.369966183259769266e-01,5.470723332234173064e-01,6.640716754954009149e-01
2.363792542726055323e-01,4.229813566186718110e-01,5.344039011444106091e-01,1.317774920690183982e-01,6.640716754954009149e-01,5.489967219660648601e-01
