7.834867696124722114e-01,4.896581509226894391e-01,2.902372237660989507e-01,7.388652724809907646e-01,5.140737995183991549e-02,6.172307094816084083e-01
4.896581509226894391e-01,9.522426577299584194e-01,5.625060950786641145e-01,6.683011646909322589e-01,1.561193218813141104e-01,7.760999949913628404e-01
2.902372237660989507e-01,5.625060950786641145e-01,3.618210303455106081e-01,2.016430477913667696e-01,4.456048690529283984e-01,7.734950471430444008e-01
7.388652724809907646e-01,6.683011646909322589e-01,2.016430477913667696e-01,7.385404551049085109e-01,5.403262884704302937e-01,8.278426257737608873e-01
5.140737995183991549e-02,1.561193218813141104e-01,4.456048690529283984e-01,5.403262884704302937e-01,6.187338229895722463e-01,4.467471039558694179e-01
6.172307094816084083e-01,7.760999949913628404e-01,7.734950471430444008e-01,8.278426257737608873e-01,4.467471039558694179e-01,6.469627311397173619e-01
