7.859006554639998976e-01,5.077640068123308037e-01,5.569963942263411738e-01,8.186093319907353782e-01,5.148509010085181581e-01,7.356254544316862543e-01
5.077640068123308037e-01,5.615766019822869826e-01,7.694525648538339535e-01,4.084513739982634228e-01,7.889596644909278034e-01,2.610561495096129780e-01
5.569963942263411738e-01,7.694525648538339535e-01,9.029634025680415288e-01,4.475766254278445433e-01,2.363538781944016232e-01,5.128165118438625658e-01
8.186093319907353782e-01,4.084513739982634228e-01,4.475766254278445433e-01,5.439975159435604946e-01,5.266503729332099315e-01,1.674127897892055405e-01
5.148509010085181581e-01,7.889596644909278034e-01,2.363538781944016232e-01,5.266503729332099315e-01,8.279189044324074542e-01,5.775259976290256780e-01
7.356254544316862543e-01,2.610561495096129780e-01,5.128165118438625658e-01,1.674127897892055405e-01,5.775259976290256780e-01,7.726087419459694017e-01
