1.375443954714702377e-01,5.027056124120776737e-01,4.264339595092229707e-01,5.328147858020763072e-01,3.309398920215326223e-01,3.317843846595842638e-01
5.027056124120776737e-01,9.632986855884971833e-01,6.147254357365955491e-02,7.293906565222514349e-01,3.526101179411921249e-01,3.396725440593164613e-01
4.264339595092229707e-01,6.147254357365955491e-02,9.584804279222995937e-01,6.287714665935579816e-01,2.709296003378572903e-01,5.393885462657048713e-01
5.328147858020763072e-01,7.293906565222514349e-01,6.287714665935579816e-01,4.867109179143601638e-01,7.899165122128573024e-01,5.771191484193031185e-01
3.309398920215326223e-01,3.526101179411921249e-01,2.709296003378572903e-01,7.899165122128573024e-01,6.040250021325329621e-01,5.321587093105786259e-01
3.317843846595842638e-01,3.396725440593164613e-01,5.393885462657048713e-01,5.771191484193031185e-01,5.321587093105786259e-01,5.627821713582870089e-02
