7.112695197289148341e-01,4.582602899737766577e-01,2.856712538205645191e-01,4.869417704919701273e-01,7.015545205927686823e-01,2.498459637984464798e-01
4.582602899737766577e-01,6.803994524490718510e-01,7.672397644080866108e-01,6.389137948034347980e-01,7.569526964768873434e-01,3.759327738388824613e-01
2.856712538205645191e-01,7.672397644080866108e-01,8.236633560737620652e-01,3.751406322824110129e-01,5.719534769325710366e-01,6.579115657555962837e-01
4.869417704919701273e-01,6.389137948034347980e-01,3.751406322824110129e-01,2.296995380189440494e-01,4.816418506332956206e-01,3.250734402944288060e-01
7.015545205927686823e-01,7.569526964768873434e-01,5.719534769325710366e-01,4.816418506332956206e-01,3.866621661187688019e-01,2.143222451494873337e-01
2.498459637984464798e-01,3.759327738388824613e-01,6.579115657555962837e-01,3.250734402944288060e-01,2.143222451494873337e-01,3.071705360347388725e-01
