7.410548420298201933e-02,5.514899949193052819e-01,2.340067701147379164e-01,7.671405725358921845e-01,1.775854838322798446e-01,5.772810663186900282e-01
5.514899949193052819e-01,9.556040040475327624e-01,4.877310172288896739e-01,8.503869054557272600e-02,3.029766512166957027e-01,7.653584179362924456e-01
2.340067701147379164e-01,4.877310172288896739e-01,6.346807605196878033e-01,6.484820322487927502e-01,7.884520828359410372e-01,2.050268252222616217e-01
7.671405725358921845e-01,8.503869054557272600e-02,6.484820322487927502e-01,8.190437936334512559e-01,3.301238147504483300e-01,4.290604889441597125e-01
1.775854838322798446e-01,3.029766512166957027e-01,7.884520828359410372e-01,3.301238147504483300e-01,4.537303005385764365e-01,2.593614604680081759e-01
5.772810663186900282e-01,7.653584179362924456e-01,2.050268252222616217e-01,4.290604889441597125e-01,2.593614604680081759e-01,9.438518202578662919e-01
