9.890913197424512360e-01,5.534033485603440106e-01,5.408999796046412012e-01,1.862020889864922091e-01,6.694021983422875355e-01,3.101696742933123807e-01
5.534033485603440106e-01,1.610823721112264462e-02,4.570827321787431785e-01,4.617940747001837987e-01,2.154485720977695751e-01,3.675302177006334881e-01
5.408999796046412012e-01,4.570827321787431785e-01,8.273995664321829313e-01,5.484939775182944288e-01,6.994211150483704564e-01,5.566316146481492533e-02
1.862020889864922091e-01,4.617940747001837987e-01,5.484939775182944288e-01,6.041387969496284649e-01,7.239984364697702457e-01,3.749772207848650618e-01
6.694021983422875355e-01,2.154485720977695751e-01,6.994211150483704564e-01,7.239984364697702457e-01,5.691544692934973337e-01,3.325259912814753638e-01
3.101696742933123807e-01,3.675302177006334881e-01,5.566316146481492533e-02,3.749772207848650618e-01,3.325259912814753638e-01,8.845505406206910504e-02
