3.466645220427501117e-01,7.986685998378725282e-01,5.835831742827428670e-01,3.695372701657251291e-01,5.307158105764347988e-01,7.870889978949371368e-01,5.576318654679572884e-01
7.986685998378725282e-01,2.614086833138018484e-01,5.531373452736394469e-01,6.098517116190891318e-01,7.853256595250081018e-01,4.616174254322203407e-01,6.320946253765455936e-01
5.835831742827428670e-01,5.531373452736394469e-01,4.801192455393543668e-02,4.877698550003310984e-01,3.076779739109652967e-01,4.521372363241187853e-01,7.346938290919184933e-01
3.695372701657251291e-01,6.098517116190891318e-01,4.877698550003310984e-01,8.378771184806869110e-01,6.806945195053630826e-01,5.876435145292489004e-01,5.237444246244133961e-01
5.307158105764347988e-01,7.853256595250081018e-01,3.076779739109652967e-01,6.806945195053630826e-01,7.622204285961724501e-01,2.432405697260370259e-01,4.993868863255233048e-01
7.870889978949371368e-01,4.616174254322203407e-01,4.521372363241187853e-01,5.876435145292489004e-01,2.432405697260370259e-01,5.876820995832836569e-01,2.645931016647350420e-01
5.576318654679572884e-01,6.320946253765455936e-01,7.346938290919184933e-01,5.237444246244133961e-01,4.993868863255233048e-01,2.645931016647350420e-01,9.756056789756373249e-01
