5.974057197963134058e-01,6.702588675134408813e-01,9.092468632747965351e-01,5.050928874625792986e-01,4.502475378774471459e-01,4.616291464886301821e-01,8.275363172829097724e-01
6.702588675134408813e-01,4.176616924836554778e-01,7.049322149399877002e-01,7.526212974863563110e-01,7.828941780235935122e-01,5.356340881278673915e-01,5.509765105814352637e-01
9.092468632747965351e-01,7.049322149399877002e-01,3.755888101786957201e-01,4.705465269431802211e-01,5.850655115930132322e-01,4.836149983231470273e-01,5.871512978774680036e-01
5.050928874625792986e-01,7.526212974863563110e-01,4.705465269431802211e-01,7.234380503028930987e-01,2.064584453410635012e-01,3.369050984443001662e-01,7.729153824751671120e-01
4.502475378774471459e-01,7.828941780235935122e-01,5.850655115930132322e-01,2.064584453410635012e-01,3.190043425278902278e-01,7.217367979560151969e-01,6.934836416514731372e-01
4.616291464886301821e-01,5.356340881278673915e-01,4.836149983231470273e-01,3.369050984443001662e-01,7.217367979560151969e-01,1.997610309762544167e-01,1.001275166350464318e-01
8.275363172829097724e-01,5.509765105814352637e-01,5.871512978774680036e-01,7.729153824751671120e-01,6.934836416514731372e-01,1.001275166350464318e-01,3.523437979947191545e-01
