2.767429881686150894e-01,3.980534657252568498e-01,6.555652592215219787e-01,4.363386035007793540e-01,3.956319309349360380e-01,4.939066777946765074e-01
3.980534657252568498e-01,4.916556473570132813e-02,7.725671737295294328e-01,6.492692908552414321e-01,8.016848250974450973e-01,3.824410621387409615e-01
6.555652592215219787e-01,7.725671737295294328e-01,9.059978766161407293e-01,2.832701022432358995e-01,6.035260229543737420e-01,7.756749162565951261e-01
4.363386035007793540e-01,6.492692908552414321e-01,2.832701022432358995e-01,8.198101317171322400e-01,4.251324790779248408e-01,5.598640345965120169e-01
3.956319309349360380e-01,8.016848250974450973e-01,6.035260229543737420e-01,4.251324790779248408e-01,4.899546073988775285e-01,4.964976676083419083e-01
4.939066777946765074e-01,3.824410621387409615e-01,7.756749162565951261e-01,5.598640345965120169e-01,4.964976676083419083e-01,8.956949857678128124e-01
