6.591140601989408099e-01,4.109651232414298638e-01,7.854631402534895113e-01,4.919446976482848011e-01,1.999061371002783805e-01,6.553989536348520106e-02
4.109651232414298638e-01,9.392982159660141495e-01,5.120344476953997415e-01,3.958417425088387454e-01,4.628711185940471151e-01,2.938953521372278388e-01
7.854631402534895113e-01,5.120344476953997415e-01,6.682568405160770331e-01,3.740472812025876781e-01,5.812221348358403983e-01,5.279684292371630283e-01
4.919446976482848011e-01,3.958417425088387454e-01,3.740472812025876781e-01,5.176993407946518522e-01,7.266379042202162353e-01,3.953705290191828481e-01
1.999061371002783805e-01,4.628711185940471151e-01,5.812221348358403983e-01,7.266379042202162353e-01,1.985589993584362389e-01,4.526212029598934983e-01
6.553989536348520106e-02,2.938953521372278388e-01,5.279684292371630283e-01,3.953705290191828481e-01,4.526212029598934983e-01,1.158323438531533300e-01
