3.017479934839029099e-01,5.807218537237628375e-01,5.678691161706619361e-01,8.941925835834766412e-01,1.644778881456539499e-01,4.489746310101406235e-01,6.876020196193900480e-01
5.807218537237628375e-01,9.174988088657114460e-01,7.075113675059815366e-01,5.741760182145014824e-01,4.092330787661503377e-01,2.506443298088175675e-01,1.569628293373268590e-01
5.678691161706619361e-01,7.075113675059815366e-01,8.372801163921428369e-01,2.196641101018450559e-01,2.526183849794033653e-01,4.058739123774279256e-01,6.407172667500731222e-01
8.941925835834766412e-01,5.741760182145014824e-01,2.196641101018450559e-01,4.344784844367048926e-01,3.259100264296040939e-01,2.230742995313266253e-01,4.227235115989181891e-01
1.644778881456539499e-01,4.092330787661503377e-01,2.526183849794033653e-01,3.259100264296040939e-01,5.876533752607259187e-01,1.574019485624735815e-01,2.588853844125744152e-01
4.489746310101406235e-01,2.506443298088175675e-01,4.058739123774279256e-01,2.230742995313266253e-01,1.574019485624735815e-01,4.458730825433916412e-01,4.054213395585308799e-01
6.876020196193900480e-01,1.569628293373268590e-01,6.407172667500731222e-01,4.227235115989181891e-01,2.588853844125744152e-01,4.054213395585308799e-01,2.526368127417719656e-01
