1.777750553316520543e-01,9.304869919343855544e-02,6.774273922182554308e-01,7.140503981205962303e-01,6.237824026800615762e-01,2.364081568196230720e-01
9.304869919343855544e-02,1.579876946358783618e-01,6.818991515282570859e-01,4.160513653211628804e-01,1.586476848221566316e-01,7.785418886871789956e-01
6.774273922182554308e-01,6.818991515282570859e-01,7.823103959747239600e-01,9.206926143159652742e-01,3.232155830906977001e-01,5.801560315429823422e-01
7.140503981205962303e-01,4.160513653211628804e-01,9.206926143159652742e-01,9.960851331275842879e-01,8.980099188351053918e-01,3.385584491852569045e-01
6.237824026800615762e-01,1.586476848221566316e-01,3.232155830906977001e-01,8.980099188351053918e-01,4.762507846501325970e-01,7.411364227970873575e-01
2.364081568196230720e-01,7.785418886871789956e-01,5.801560315429823422e-01,3.385584491852569045e-01,7.411364227970873575e-01,1.958562675830672895e-01
