2.476035734092405516e-01,5.177740416497271791e-01,1.898660551443014932e-01,2.915000742080746110e-01,6.335525945333499998e-01,5.363379864305928280e-01
5.177740416497271791e-01,9.521641234326375658e-01,6.147022762259111150e-01,4.398909445467450996e-01,6.124533317537651511e-01,3.953079628729213035e-01
1.898660551443014932e-01,6.147022762259111150e-01,1.149773810855019285e-01,5.512733458718781510e-01,7.889441390447121671e-01,6.432689951896166658e-01
2.915000742080746110e-01,4.398909445467450996e-01,5.512733458718781510e-01,1.348040153965947008e-01,3.261915319552963766e-01,2.084758018869538043e-01
6.335525945333499998e-01,6.124533317537651511e-01,7.889441390447121671e-01,3.261915319552963766e-01,7.666030641909364896e-01,7.680793514611111705e-01
5.363379864305928280e-01,3.953079628729213035e-01,6.432689951896166658e-01,2.084758018869538043e-01,7.680793514611111705e-01,2.738479713329722287e-01
