3.530545078650422219e-01,3.194364079472173379e-01,4.177910147127680274e-01,8.527772255523753397e-01,2.668225487235057480e-01,7.589706013915271665e-01
3.194364079472173379e-01,7.154390333465534546e-01,3.070319970680767119e-01,3.879286040257310941e-01,6.208046741051547190e-01,6.410479091400960172e-01
4.177910147127680274e-01,3.070319970680767119e-01,2.145272514630176541e-01,5.072305075356120518e-01,1.555241452603762231e-01,4.477113307384470997e-01
8.527772255523753397e-01,3.879286040257310941e-01,5.072305075356120518e-01,4.598888218924330751e-01,1.052250877046624344e-01,3.695001099024841085e-01
2.668225487235057480e-01,6.208046741051547190e-01,1.555241452603762231e-01,1.052250877046624344e-01,5.399245749501713210e-02,5.257745417701944479e-01
7.589706013915271665e-01,6.410479091400960172e-01,4.477113307384470997e-01,3.695001099024841085e-01,5.257745417701944479e-01,6.626974224285819837e-03
