1.705355450427891162e-01,4.175391769799715602e-01,5.474712805647541369e-01,5.882046628725952075e-01,5.400465118954453914e-01,6.738885916353254402e-01
4.175391769799715602e-01,3.325089837089767464e-02,6.116730954755225103e-01,6.084943010081940162e-01,3.550655487655939302e-01,7.231189319636108781e-01
5.474712805647541369e-01,6.116730954755225103e-01,4.411039156146693285e-01,4.820008627892046205e-01,3.898867881339486141e-01,4.943356773032198115e-01
5.882046628725952075e-01,6.084943010081940162e-01,4.820008627892046205e-01,3.228757330558860161e-01,1.866895170427545492e-01,6.959290090193843703e-01
5.400465118954453914e-01,3.550655487655939302e-01,3.898867881339486141e-01,1.866895170427545492e-01,4.663951128079819597e-01,8.056569432669689057e-01
6.738885916353254402e-01,7.231189319636108781e-01,4.943356773032198115e-01,6.959290090193843703e-01,8.056569432669689057e-01,6.207273221899131110e-01
