8.203256996194153716e-01,5.797761181324863067e-01,4.915872618233464442e-01,6.440621592197988132e-01,9.023168151197639153e-01,8.424464934628868029e-01
5.797761181324863067e-01,9.659210055472597922e-01,7.185904305173074214e-02,4.430030941593290916e-01,2.505362205525706876e-01,7.608624125805618643e-01
4.915872618233464442e-01,7.185904305173074214e-02,7.856441851380584485e-01,5.148967961699211227e-01,7.340372094158227334e-01,8.546056946800335563e-01
6.440621592197988132e-01,4.430030941593290916e-01,5.148967961699211227e-01,6.769870639676329738e-01,7.031816788031132193e-01,5.087100015839026712e-01
9.023168151197639153e-01,2.505362205525706876e-01,7.340372094158227334e-01,7.031816788031132193e-01,8.046728010678227960e-02,3.610629606449822782e-01
8.424464934628868029e-01,7.608624125805618643e-01,8.546056946800335563e-01,5.087100015839026712e-01,3.610629606449822782e-01,1.427106325353204586e-01
