5.173038174622034413e-01,4.486216233360415528e-01,1.390851845493546457e-01,4.347121239578820018e-01,5.841848502031571355e-01,4.852711219704562984e-01,6.780023218396760143e-01
4.486216233360415528e-01,7.049520830375610725e-02,7.277818289897795001e-01,1.438377213667987320e-01,5.419680926490320072e-01,4.875848588359129598e-01,2.259295377003146532e-01
1.390851845493546457e-01,7.277818289897795001e-01,2.364785783006519981e-01,5.244611415859175008e-01,3.573640138879958794e-01,7.358578781800155788e-01,3.333348632652421428e-01
4.347121239578820018e-01,1.438377213667987320e-01,5.244611415859175008e-01,4.912293238099437742e-01,5.628638415278416351e-01,4.502936584092477879e-01,3.530833312177740213e-01
5.841848502031571355e-01,5.419680926490320072e-01,3.573640138879958794e-01,5.628638415278416351e-01,2.487365519377274792e-01,7.709535864141811023e-01,5.576952939715290603e-02
4.852711219704562984e-01,4.875848588359129598e-01,7.358578781800155788e-01,4.502936584092477879e-01,7.709535864141811023e-01,6.057188215848831048e-01,6.937760504770338343e-01
6.780023218396760143e-01,2.259295377003146532e-01,3.333348632652421428e-01,3.530833312177740213e-01,5.576952939715290603e-02,6.937760504770338343e-01,5.122805868385859052e-01
