4.999472235118426200e-01,2.330298787637093971e-01,3.694940711409299139e-01,7.402043842185053180e-01,5.879215211148992593e-01,6.163657864399687547e-01
2.330298787637093971e-01,5.218060411585484504e-01,5.259760037246103970e-01,5.074272017437821969e-01,8.291999793884342607e-01,7.034682216394083643e-01
3.694940711409299139e-01,5.259760037246103970e-01,9.238500156285627263e-01,3.359907578926895622e-01,5.049726964273757446e-01,9.644360489967830352e-01
7.402043842185053180e-01,5.074272017437821969e-01,3.359907578926895622e-01,3.094963660738492273e-01,1.963110201798107246e-01,4.413272012882865636e-01
5.879215211148992593e-01,8.291999793884342607e-01,5.049726964273757446e-01,1.963110201798107246e-01,2.003821507195746587e-02,1.973894619309036202e-01
6.163657864399687547e-01,7.034682216394083643e-01,9.644360489967830352e-01,4.413272012882865636e-01,1.973894619309036202e-01,8.024741794588995392e-01
