1.047700729427633037e-01,6.033627905811776992e-01,3.533252549746035975e-01,5.139196244065539210e-01,4.357433372315073217e-01,2.210505453781134166e-01
6.033627905811776992e-01,6.480741842043121759e-01,4.145931684891607238e-01,4.843535198474747117e-01,2.574191767438327449e-01,3.878340808531803852e-01
3.533252549746035975e-01,4.145931684891607238e-01,7.638240531379536513e-01,6.416533791311129775e-01,5.761273223752586548e-01,6.799827309071753145e-01
5.139196244065539210e-01,4.843535198474747117e-01,6.416533791311129775e-01,3.032718414616945024e-01,5.202301157683686395e-01,7.303644947558474154e-01
4.357433372315073217e-01,2.574191767438327449e-01,5.761273223752586548e-01,5.202301157683686395e-01,8.535012994459706404e-01,4.503010547691571608e-01
2.210505453781134166e-01,3.878340808531803852e-01,6.799827309071753145e-01,7.303644947558474154e-01,4.503010547691571608e-01,4.795117673886939436e-02
