7.675593408994929590e-01,7.011214336906901323e-01,3.676738103894048870e-01,2.290324245263704594e-01,2.885571627703202857e-01,2.818315976218149776e-01
7.011214336906901323e-01,7.001617200755779757e-01,1.474405841386186022e-01,6.334192353752601257e-01,4.805647297249615035e-01,4.498489355547135027e-01
3.676738103894048870e-01,1.474405841386186022e-01,7.780667162643746249e-01,6.673898816452876748e-01,2.537028832712717175e-01,5.049981875664499853e-01
2.290324245263704594e-01,6.334192353752601257e-01,6.673898816452876748e-01,7.143029122492596805e-01,4.185150590785569613e-01,5.167134199282992224e-01
2.885571627703202857e-01,4.805647297249615035e-01,2.537028832712717175e-01,4.185150590785569613e-01,6.061348590527648739e-01,3.262414128893111331e-01
2.818315976218149776e-01,4.498489355547135027e-01,5.049981875664499853e-01,5.167134199282992224e-01,3.262414128893111331e-01,2.747067248765852066e-01
