7.440337773966774204e-01,7.722664512477064314e-01,4.764806970901746541e-01,5.781911017410212850e-01,6.701314857620113141e-01,7.321117235634988507e-01
7.722664512477064314e-01,9.142173489523878205e-01,8.008361513589909997e-01,4.176816189198655493e-01,9.504496659423375959e-01,8.840093794257454229e-01
4.764806970901746541e-01,8.008361513589909997e-01,2.759554203544030138e-01,7.035310454606688024e-01,3.657282861143484887e-01,6.393228126003868139e-01
5.781911017410212850e-01,4.176816189198655493e-01,7.035310454606688024e-01,6.861067552780759637e-01,8.554148665633115600e-02,3.458082259415766191e-01
6.701314857620113141e-01,9.504496659423375959e-01,3.657282861143484887e-01,8.554148665633115600e-02,2.751893414923027859e-01,3.929582617582811910e-01
7.321117235634988507e-01,8.840093794257454229e-01,6.393228126003868139e-01,3.458082259415766191e-01,3.929582617582811910e-01,1.299827160460520492e-02
