2.866403537294686110e-01,5.454691929149412255e-01,3.572587929184029010e-01,6.328788825023821119e-01,5.452342778780371324e-01,7.100621017229148402e-01
5.454691929149412255e-01,9.896091892812606261e-01,5.613142329484455129e-01,1.965992766641152523e-01,7.163320936819287388e-01,3.722506848233148591e-01
3.572587929184029010e-01,5.613142329484455129e-01,6.493182185319671396e-01,5.170823867624350090e-01,7.412775810339039539e-01,5.537566223438235014e-01
6.328788825023821119e-01,1.965992766641152523e-01,5.170823867624350090e-01,6.034104454456631350e-01,4.980444574037243832e-01,8.644226072868197441e-01
5.452342778780371324e-01,7.163320936819287388e-01,7.412775810339039539e-01,4.980444574037243832e-01,5.245694096462680811e-01,5.929969174185480973e-01
7.100621017229148402e-01,3.722506848233148591e-01,5.537566223438235014e-01,8.644226072868197441e-01,5.929969174185480973e-01,6.895126005916811796e-01
