3.072072363294181541e-01,6.793133561758513128e-01,9.202504055911844283e-01,5.636202744746365845e-01,5.125076001878652310e-01,5.364846057757962638e-01
6.793133561758513128e-01,1.930422545220544794e-01,7.669839064526000616e-01,5.431637250601759614e-01,5.196332152449106845e-01,3.717418735955790865e-01
9.202504055911844283e-01,7.669839064526000616e-01,3.761104606055154509e-02,3.995115328658648268e-01,5.545695590600672187e-01,3.962217710487780375e-01
5.636202744746365845e-01,5.431637250601759614e-01,3.995115328658648268e-01,8.673048645110729149e-01,2.510933928681455263e-01,4.596018970467645182e-01
5.125076001878652310e-01,5.196332152449106845e-01,5.545695590600672187e-01,2.510933928681455263e-01,8.281891539270942459e-01,7.177378271397171217e-01
5.364846057757962638e-01,3.717418735955790865e-01,3.962217710487780375e-01,4.596018970467645182e-01,7.177378271397171217e-01,7.508900846886824576e-01
