8.792193495188002084e-01,8.358364720433011374e-01,1.626139189846755317e-01,3.637070221189254160e-01,4.783723244065570812e-01,6.140835132706756738e-01
8.358364720433011374e-01,8.821507455543008414e-01,6.193783695898696928e-01,6.797577452007483867e-01,4.837789056511358488e-01,8.925267065547763945e-01
1.626139189846755317e-01,6.193783695898696928e-01,7.807250628979990337e-01,8.178874246335885445e-01,3.337948545248606846e-01,3.601352550653198481e-01
3.637070221189254160e-01,6.797577452007483867e-01,8.178874246335885445e-01,5.676443724869374430e-01,6.073841159504455023e-01,3.706490727549032749e-01
4.783723244065570812e-01,4.837789056511358488e-01,3.337948545248606846e-01,6.073841159504455023e-01,9.756633698868548699e-01,5.102140090446356524e-01
6.140835132706756738e-01,8.925267065547763945e-01,3.601352550653198481e-01,3.706490727549032749e-01,5.102140090446356524e-01,6.209984758515573189e-01
