3.407035641235836021e-01,3.906412326337826424e-01,5.572039989429102835e-01,2.577708811935155997e-01,7.056278584999857717e-01,2.347685463090563585e-01
3.906412326337826424e-01,1.507257779175319445e-01,5.114120385764695520e-01,7.430999436651101187e-01,5.349694849712551825e-01,8.646068110761142567e-01
5.572039989429102835e-01,5.114120385764695520e-01,5.032527330633398410e-01,2.263409915140571216e-01,4.206952213518429518e-01,2.434996777573482096e-01
2.577708811935155997e-01,7.430999436651101187e-01,2.263409915140571216e-01,3.735508915843213096e-01,6.490407889968226041e-01,2.792590108048145781e-01
7.056278584999857717e-01,5.349694849712551825e-01,4.206952213518429518e-01,6.490407889968226041e-01,3.603873980712888336e-01,3.600961113267324709e-01
2.347685463090563585e-01,8.646068110761142567e-01,2.434996777573482096e-01,2.792590108048145781e-01,3.600961113267324709e-01,5.424922328525849657e-02
