6.242179447950761961e-01,6.163575205583124994e-01,7.796198977192396740e-01,5.683217064751134862e-01,2.530463911241518371e-01,4.906424316901467075e-01
6.163575205583124994e-01,5.797252731898957512e-01,8.213177079966045291e-01,7.434438255893123237e-01,7.657810033613862144e-01,5.314052763442271843e-01
7.796198977192396740e-01,8.213177079966045291e-01,7.651089118735167061e-01,4.103238898877547558e-01,5.071158019660180205e-01,5.626392228459999867e-01
5.683217064751134862e-01,7.434438255893123237e-01,4.103238898877547558e-01,3.120449956535127356e-01,3.464376517702429936e-01,2.480153505275891068e-01
2.530463911241518371e-01,7.657810033613862144e-01,5.071158019660180205e-01,3.464376517702429936e-01,7.285714731012944423e-01,5.456780654933097718e-01
4.906424316901467075e-01,5.314052763442271843e-01,5.626392228459999867e-01,2.480153505275891068e-01,5.456780654933097718e-01,6.813252302274785954e-01
