9.916933697081805610e-01,5.036777205829734427e-01,8.773756740761982087e-01,6.027659558440112697e-01,3.615816609223289069e-01,6.782578969419016390e-01
5.036777205829734427e-01,4.607838577040198613e-01,6.309864296484951618e-01,3.177510354669544346e-01,2.523849257069140650e-01,5.761456533367860233e-01
8.773756740761982087e-01,6.309864296484951618e-01,9.933913941085836807e-01,4.238197833790414149e-01,7.766115580716257405e-01,8.896607535801503985e-01
6.027659558440112697e-01,3.177510354669544346e-01,4.238197833790414149e-01,8.940985716299896247e-01,6.139357879223923398e-01,8.503663668517316143e-01
3.615816609223289069e-01,2.523849257069140650e-01,7.766115580716257405e-01,6.139357879223923398e-01,4.001207620071114412e-01,7.404703933974712271e-01
6.782578969419016390e-01,5.761456533367860233e-01,8.896607535801503985e-01,8.503663668517316143e-01,7.404703933974712271e-01,7.540347129263580417e-02
