6.912734322737645876e-03,3.819900875954967412e-01,6.583412392521961198e-01,5.129897734623343197e-01,2.735389297603303960e-01,5.227553750699359680e-01
3.819900875954967412e-01,6.959392531033061768e-01,7.503914673763278920e-01,8.003990445418875943e-01,2.710913164902197803e-01,6.080909258208437862e-01
6.583412392521961198e-01,7.503914673763278920e-01,4.492545195043817774e-02,3.123508083916352041e-01,4.662912422700580262e-01,7.293102408791805047e-01
5.129897734623343197e-01,8.003990445418875943e-01,3.123508083916352041e-01,9.652626386272333825e-01,4.202486056668018333e-01,2.594682966593324092e-01
2.735389297603303960e-01,2.710913164902197803e-01,4.662912422700580262e-01,4.202486056668018333e-01,6.474086743048493853e-01,8.155057652518249434e-01
5.227553750699359680e-01,6.080909258208437862e-01,7.293102408791805047e-01,2.594682966593324092e-01,8.155057652518249434e-01,5.796628080107099068e-01
