9.055434198763406828e-01,1.762491031327637625e-01,8.749722352256155133e-01,2.869561862679145814e-01,2.142685654092082448e-01,6.712935708636490473e-01,6.738259722788919603e-01
1.762491031327637625e-01,1.291016866028216192e-01,5.372321794044634391e-01,7.953921355513502434e-01,2.072417918854602137e-01,2.903590810496012864e-01,4.915959294051614470e-01
8.749722352256155133e-01,5.372321794044634391e-01,4.337432198572899189e-02,2.540642297901829494e-01,1.548655595818138053e-01,5.928485941223260447e-01,8.941532657067963186e-02
2.869561862679145814e-01,7.953921355513502434e-01,2.540642297901829494e-01,8.199432031324747072e-01,6.680109555563353840e-01,2.539270506067730637e-01,5.140501703063171668e-02
2.142685654092082448e-01,2.072417918854602137e-01,1.548655595818138053e-01,6.680109555563353840e-01,5.075798492734943101e-01,2.020295518491383446e-01,3.434679465423489120e-01
6.712935708636490473e-01,2.903590810496012864e-01,5.928485941223260447e-01,2.539270506067730637e-01,2.020295518491383446e-01,2.291392084568913967e-01,5.180737108620709908e-01
6.738259722788919603e-01,4.915959294051614470e-01,8.941532657067963186e-02,5.140501703063171668e-02,3.434679465423489120e-01,5.180737108620709908e-01,2.730171227010030899e-01
