6.621014577888484354e-01,5.338799715040954963e-01,5.531010004791956369e-01,4.632327355909308109e-01,3.421687796115038260e-01,5.720516692590189578e-01,9.316884509301365247e-01
5.338799715040954963e-01,2.874848033975798689e-01,4.764794046988019005e-01,3.150118660059887388e-01,6.646960643948580660e-01,4.710408805466191340e-01,4.139835368575548458e-01
5.531010004791956369e-01,4.764794046988019005e-01,4.488508415063776624e-01,7.173172024588467810e-01,3.826388422983506565e-01,2.276350967004039938e-01,4.113289435137198469e-01
4.632327355909308109e-01,3.150118660059887388e-01,7.173172024588467810e-01,8.365555933096003871e-01,1.453470337907493692e-01,3.495075028516557714e-01,9.344391594296950210e-01
3.421687796115038260e-01,6.646960643948580660e-01,3.826388422983506565e-01,1.453470337907493692e-01,8.865343525024363958e-01,1.307063705969244150e-01,4.550692071274287653e-01
5.720516692590189578e-01,4.710408805466191340e-01,2.276350967004039938e-01,3.495075028516557714e-01,1.307063705969244150e-01,8.911286478089486263e-02,5.652194153116361086e-01
9.316884509301365247e-01,4.139835368575548458e-01,4.113289435137198469e-01,9.344391594296950210e-01,4.550692071274287653e-01,5.652194153116361086e-01,3.886204499346579411e-01
