1.717883923039683625e-01,5.002749739105616378e-01,5.316979485167336872e-01,5.717596803632007951e-01,5.775483551595964604e-01,3.841048963135085814e-01
5.002749739105616378e-01,8.360333295414469346e-01,7.046624657821294324e-01,7.137691396406118383e-01,8.207669708268274800e-01,3.334187133320038465e-01
5.316979485167336872e-01,7.046624657821294324e-01,6.396324840734972650e-01,6.131412392855484228e-01,9.312180399624614413e-02,4.629850121360471471e-01
5.717596803632007951e-01,7.137691396406118383e-01,6.131412392855484228e-01,6.558923907842284517e-02,4.280861036391080399e-01,1.529110963922084565e-01
5.775483551595964604e-01,8.207669708268274800e-01,9.312180399624614413e-02,4.280861036391080399e-01,4.052886313799874962e-01,7.578073229645355680e-01
3.841048963135085814e-01,3.334187133320038465e-01,4.629850121360471471e-01,1.529110963922084565e-01,7.578073229645355680e-01,1.521036620486119206e-01
