8.946537652515166306e-01,4.878466092198117110e-01,7.301811904513786367e-01,7.330454788210135630e-01,3.977026986848776202e-01,5.767341795475393607e-01
4.878466092198117110e-01,6.231520081796271260e-01,5.218866019366068532e-01,6.540933605395038430e-01,2.788061586310155437e-01,4.635370586685008676e-01
7.301811904513786367e-01,5.218866019366068532e-01,9.888294561493214951e-01,4.475860610536979145e-01,5.895037606839215183e-01,3.538173326206905944e-01
7.330454788210135630e-01,6.540933605395038430e-01,4.475860610536979145e-01,8.194567819930723696e-01,2.814411030108256995e-01,5.701087085006313337e-01
3.977026986848776202e-01,2.788061586310155437e-01,5.895037606839215183e-01,2.814411030108256995e-01,6.669096842551607285e-01,2.314008986969286474e-01
5.767341795475393607e-01,4.635370586685008676e-01,3.538173326206905944e-01,5.701087085006313337e-01,2.314008986969286474e-01,3.614569248213078678e-01
