7.956098672363608459e-01,5.204265724248764435e-01,8.034847567808167668e-01,8.469458080203271511e-01,4.133398015541955295e-01,5.949289025353023952e-01,7.881206952000709975e-01
5.204265724248764435e-01,5.618918252212427022e-01,4.780092873311511670e-01,4.467394350697307392e-01,6.033382416758168443e-01,3.542553987912629987e-01,3.071037157080605540e-01
8.034847567808167668e-01,4.780092873311511670e-01,1.050849673574130172e-01,8.110266563267249929e-01,2.300472329739128852e-01,5.779183961751690468e-01,7.645311564870489462e-01
8.469458080203271511e-01,4.467394350697307392e-01,8.110266563267249929e-01,3.124427770490885159e-01,3.313713539211514125e-01,4.678140123431028252e-01,4.233920663882763669e-01
4.133398015541955295e-01,6.033382416758168443e-01,2.300472329739128852e-01,3.313713539211514125e-01,3.940511288732917450e-02,3.837630122989673653e-01,4.242080357533454804e-01
5.949289025353023952e-01,3.542553987912629987e-01,5.779183961751690468e-01,4.678140123431028252e-01,3.837630122989673653e-01,6.121037058044243029e-01,4.557626681625261966e-01
7.881206952000709975e-01,3.071037157080605540e-01,7.645311564870489462e-01,4.233920663882763669e-01,4.242080357533454804e-01,4.557626681625261966e-01,1.000135572521321237e-03
