4.163516198188910167e-01,4.726750354446312419e-01,8.187727135486972951e-01,4.946233242375331907e-01,3.931675735457635934e-01,4.194595558509828237e-02
4.726750354446312419e-01,7.333174994957605275e-01,6.962083337017577200e-01,5.640451216988993099e-01,3.084606856360140870e-01,4.650801194442744091e-01
8.187727135486972951e-01,6.962083337017577200e-01,1.764390114320896208e-01,5.743856580454635985e-01,2.930604532176865895e-01,6.026311803311369397e-01
4.946233242375331907e-01,5.640451216988993099e-01,5.743856580454635985e-01,3.953088103179426271e-01,1.126728704005916515e-01,3.969217847438996638e-01
3.931675735457635934e-01,3.084606856360140870e-01,2.930604532176865895e-01,1.126728704005916515e-01,9.556211954070933379e-01,2.989820854049958232e-01
4.194595558509828237e-02,4.650801194442744091e-01,6.026311803311369397e-01,3.969217847438996638e-01,2.989820854049958232e-01,4.557052482549713845e-01
