7.702717186552355821e-01,4.050208027903098862e-01,5.412733512486376242e-01,7.765735831412784451e-01,3.959455127662495633e-01,3.081665710974251793e-01
4.050208027903098862e-01,4.268014781821927173e-01,6.553204524987199520e-01,5.003513956612939406e-01,4.446695422535391073e-01,8.265528108110817840e-01
5.412733512486376242e-01,6.553204524987199520e-01,1.689316270102425577e-02,6.100465743335869995e-01,7.601145163417769579e-01,5.186938092518970089e-01
7.765735831412784451e-01,5.003513956612939406e-01,6.100465743335869995e-01,7.732110066946314975e-01,1.403323948527057663e-02,4.788116909738932003e-01
3.959455127662495633e-01,4.446695422535391073e-01,7.601145163417769579e-01,1.403323948527057663e-02,1.176108044836707833e-01,4.676177482858655532e-01
3.081665710974251793e-01,8.265528108110817840e-01,5.186938092518970089e-01,4.788116909738932003e-01,4.676177482858655532e-01,8.664548001202070360e-01
