8.419951409669435005e-02,4.387916131290328647e-01,2.345206484452246332e-01,9.541515417012114142e-01,5.792403216244860209e-01,7.159393083382147305e-01
4.387916131290328647e-01,6.874916667724448871e-01,6.300704549168927304e-01,3.796811054642657002e-01,2.287539334008616421e-01,6.917651072099647580e-01
2.345206484452246332e-01,6.300704549168927304e-01,9.154440123179669042e-01,7.465037087351922285e-01,1.089707945246365939e-01,3.823543496639039141e-01
9.541515417012114142e-01,3.796811054642657002e-01,7.465037087351922285e-01,3.770652495872762744e-01,6.969252286997147383e-01,6.370658865893599199e-01
5.792403216244860209e-01,2.287539334008616421e-01,1.089707945246365939e-01,6.969252286997147383e-01,9.731725951104053252e-01,8.245781085053982551e-01
7.159393083382147305e-01,6.917651072099647580e-01,3.823543496639039141e-01,6.370658865893599199e-01,8.245781085053982551e-01,4.252522690054144627e-01
