1.834635835405795667e-01,6.684060375475154858e-01,5.847931203790279753e-01,5.028573227752375363e-01,5.149993380629585005e-01,2.968813773514235588e-01
6.684060375475154858e-01,8.128919433137129502e-01,7.890418244308482487e-01,2.767716053426361178e-01,5.997191482627283188e-01,4.010387984922318960e-01
5.847931203790279753e-01,7.890418244308482487e-01,7.800438655777417463e-01,4.208236636771767736e-01,6.224363443099281135e-01,5.538759204069030329e-01
5.028573227752375363e-01,2.767716053426361178e-01,4.208236636771767736e-01,6.254549403337347213e-01,3.310589331446981975e-01,7.599261479453017776e-01
5.149993380629585005e-01,5.997191482627283188e-01,6.224363443099281135e-01,3.310589331446981975e-01,8.942567166671776535e-01,5.671601443313771806e-01
2.968813773514235588e-01,4.010387984922318960e-01,5.538759204069030329e-01,7.599261479453017776e-01,5.671601443313771806e-01,3.099271515834726154e-01
