5.157310877417067285e-01,4.507465331299538858e-01,8.871086766038308591e-01,6.819741555269471789e-01,4.595801212981487915e-01,1.493197911405945155e-01
4.507465331299538858e-01,9.213176398905534858e-01,3.668993000121684167e-01,6.972771735948823935e-01,7.979373577774019344e-01,7.465862116157209183e-01
8.871086766038308591e-01,3.668993000121684167e-01,3.631772916348758873e-01,4.623414631432927746e-01,6.406417189010573665e-01,2.129487056025551883e-01
6.819741555269471789e-01,6.972771735948823935e-01,4.623414631432927746e-01,8.621386583286507754e-01,4.101685118314769563e-01,3.521038830627912231e-01
4.595801212981487915e-01,7.979373577774019344e-01,6.406417189010573665e-01,4.101685118314769563e-01,9.929923123806678742e-01,9.118802041971241223e-01
1.493197911405945155e-01,7.465862116157209183e-01,2.129487056025551883e-01,3.521038830627912231e-01,9.118802041971241223e-01,3.737263136266807395e-01
