3.424605460672620616e-01,4.634084565669974176e-01,5.735123554142593783e-01,8.262098566320471571e-01,4.878645226512106081e-01,2.607693491841844291e-01
4.634084565669974176e-01,3.699385312279427351e-01,6.886148848462096961e-01,5.662853341502926963e-01,1.853618589519885340e-01,1.972431962645515013e-01
5.735123554142593783e-01,6.886148848462096961e-01,5.404418463770719327e-01,7.519073744089244116e-01,6.647335698144396510e-01,8.717769462419691084e-01
8.262098566320471571e-01,5.662853341502926963e-01,7.519073744089244116e-01,4.468613972355366393e-01,1.749117868900491590e-01,8.184464023284359069e-01
4.878645226512106081e-01,1.853618589519885340e-01,6.647335698144396510e-01,1.749117868900491590e-01,3.473872957249277693e-01,5.315812907451633595e-01
2.607693491841844291e-01,1.972431962645515013e-01,8.717769462419691084e-01,8.184464023284359069e-01,5.315812907451633595e-01,1.256120191700450528e-01
