7.919070318259389119e-01,9.127380734263377260e-01,6.629190445252710617e-01,7.845534390202382191e-01,3.366693311741540406e-01,1.727294435731052125e-01
9.127380734263377260e-01,8.464757923447602250e-01,1.722656437346912206e-01,5.021759420559931408e-01,6.405875560465232876e-01,4.465554386934705855e-01
6.629190445252710617e-01,1.722656437346912206e-01,2.422846578948553153e-01,5.478855133949491751e-01,2.610681087833050529e-01,4.627362690551927171e-01
7.845534390202382191e-01,5.021759420559931408e-01,5.478855133949491751e-01,9.345279715709702284e-01,6.139958094257721433e-01,4.775297313698910751e-01
3.366693311741540406e-01,6.405875560465232876e-01,2.610681087833050529e-01,6.139958094257721433e-01,6.630150788805256878e-01,8.353984996306635935e-01
1.727294435731052125e-01,4.465554386934705855e-01,4.627362690551927171e-01,4.775297313698910751e-01,8.353984996306635935e-01,5.808232854520433142e-01
