7.692785106669567385e-01,2.326230798530520838e-01,6.889457700648109473e-01,3.345916297435126974e-01,8.533493264135803003e-01,5.394118597132975257e-01
2.326230798530520838e-01,3.281874246262078687e-01,3.697459753237641866e-02,4.953088357650053952e-02,4.603086264954810991e-01,7.585710808423319351e-01
6.889457700648109473e-01,3.697459753237641866e-02,6.325869753225258352e-01,3.088138589221694486e-01,4.292395104415334672e-01,7.124545578467110785e-01
3.345916297435126974e-01,4.953088357650053952e-02,3.088138589221694486e-01,3.778651100257010009e-01,3.938291144716147829e-01,5.176112902582389319e-01
8.533493264135803003e-01,4.603086264954810991e-01,4.292395104415334672e-01,3.938291144716147829e-01,7.617836546585069479e-01,4.142883269643130584e-01
5.394118597132975257e-01,7.585710808423319351e-01,7.124545578467110785e-01,5.176112902582389319e-01,4.142883269643130584e-01,3.644844282802525148e-01
