9.970960050321966417e-01,7.110037842691386833e-01,6.792976236476273577e-01,1.738811377815310810e-01,2.192316757912624037e-01,5.997219472635777482e-01
7.110037842691386833e-01,2.942384764521617235e-01,1.925385983037274928e-01,3.774701270408248877e-01,5.241456264771737761e-01,1.323386814924699673e-01
6.792976236476273577e-01,1.925385983037274928e-01,9.715647149410888694e-02,2.973239647580339651e-01,5.532046281311822078e-01,9.382584444543498048e-01
1.738811377815310810e-01,3.774701270408248877e-01,2.973239647580339651e-01,6.530178141755637045e-01,5.088073640458332658e-01,4.319980170042139189e-01
2.192316757912624037e-01,5.241456264771737761e-01,5.532046281311822078e-01,5.088073640458332658e-01,2.282062042101710153e-01,7.572338201465937946e-01
5.997219472635777482e-01,1.323386814924699673e-01,9.382584444543498048e-01,4.319980170042139189e-01,7.572338201465937946e-01,8.198990756207995556e-01
