8.765571450164070244e-01,7.284275852150918773e-01,8.280487104365008566e-01,1.120806084583138018e-01,7.251716224486173257e-01,5.010090170914234253e-01
7.284275852150918773e-01,8.150729056400810579e-01,2.145381630800730632e-01,6.455017967898170062e-01,3.851814267173964690e-01,4.677228528797925944e-01
8.280487104365008566e-01,2.145381630800730632e-01,3.502618221312024938e-01,6.201828652060830116e-01,5.549627401749623878e-01,3.506203614886703179e-01
1.120806084583138018e-01,6.455017967898170062e-01,6.201828652060830116e-01,9.181409677662788482e-01,2.724025366987725683e-02,4.743123628725597896e-01
7.251716224486173257e-01,3.851814267173964690e-01,5.549627401749623878e-01,2.724025366987725683e-02,9.758361874885596032e-01,5.450245391106887105e-01
5.010090170914234253e-01,4.677228528797925944e-01,3.506203614886703179e-01,4.743123628725597896e-01,5.450245391106887105e-01,9.523621372438473287e-02
