8.352590309417549097e-01,7.060558821874254321e-01,6.132764184844715638e-01,6.100581765807657764e-01,9.271620595353595728e-01,7.621350591793828455e-01
7.060558821874254321e-01,4.770704118535011862e-01,5.761514506708288463e-01,7.487790490653321029e-01,5.239966522073924438e-01,6.317926481837512487e-01
6.132764184844715638e-01,5.761514506708288463e-01,6.693616628637277799e-01,7.753016359332598473e-01,5.661429126704906611e-01,2.478668665950762295e-01
6.100581765807657764e-01,7.487790490653321029e-01,7.753016359332598473e-01,6.319379913845928343e-01,3.561719591552152675e-01,8.798518489943016885e-01
9.271620595353595728e-01,5.239966522073924438e-01,5.661429126704906611e-01,3.561719591552152675e-01,6.868698047975412280e-01,7.351335152079490065e-01
7.621350591793828455e-01,6.317926481837512487e-01,2.478668665950762295e-01,8.798518489943016885e-01,7.351335152079490065e-01,2.927700016971535035e-01
