7.314811726716418105e-01,8.461660787165379283e-01,7.248246515789488198e-01,8.718399685062993010e-01,1.089263610336799748e-01,6.168262992635991093e-01
8.461660787165379283e-01,9.543193802416091165e-01,5.412777905095067510e-01,7.125409665112996116e-01,7.097789334574133857e-01,3.262806215473013638e-01
7.248246515789488198e-01,5.412777905095067510e-01,4.776351826168823145e-01,5.994806256621173501e-01,6.970246383244607102e-01,5.302714239036117050e-01
8.718399685062993010e-01,7.125409665112996116e-01,5.994806256621173501e-01,1.609388057262147731e-01,4.945297448062007106e-01,2.322831290559744799e-01
1.089263610336799748e-01,7.097789334574133857e-01,6.970246383244607102e-01,4.945297448062007106e-01,6.881201015433200396e-01,3.837260590031755791e-01
6.168262992635991093e-01,3.262806215473013638e-01,5.302714239036117050e-01,2.322831290559744799e-01,3.837260590031755791e-01,2.975576755719534505e-01
