1.770211407100792389e-01,5.933657428850256377e-01,5.689400529308297205e-01,8.296927766367245827e-01,6.111765962149589004e-01,4.460412937004692990e-01
5.933657428850256377e-01,2.338281248587452676e-01,2.684132730141472467e-01,4.660668708558395879e-01,6.236139678565189026e-01,5.902959982078476164e-01
5.689400529308297205e-01,2.684132730141472467e-01,5.662939670844919782e-01,9.005909819140707206e-01,7.145868797817793716e-01,3.183943755846567192e-01
8.296927766367245827e-01,4.660668708558395879e-01,9.005909819140707206e-01,2.950509695489064166e-01,4.970342857759502131e-01,3.591087842500451655e-01
6.111765962149589004e-01,6.236139678565189026e-01,7.145868797817793716e-01,4.970342857759502131e-01,5.408798238682763770e-01,3.926491604405427660e-01
4.460412937004692990e-01,5.902959982078476164e-01,3.183943755846567192e-01,3.591087842500451655e-01,3.926491604405427660e-01,6.697456969512169955e-01
