8.603139222499394112e-01,6.455870484920548380e-01,6.817608997829052164e-01,3.660731030231929028e-01,1.042868825336863425e-01,2.494244944893529436e-01
6.455870484920548380e-01,7.998771416490575437e-01,7.119821077520519514e-01,5.052974721588607832e-01,8.239653380245984815e-01,7.182337583016956684e-01
6.817608997829052164e-01,7.119821077520519514e-01,9.567352446695355228e-01,7.514176348420602558e-01,6.693193018305558795e-01,7.779915500702485609e-01
3.660731030231929028e-01,5.052974721588607832e-01,7.514176348420602558e-01,8.098187768837860068e-01,4.821828352001188978e-01,5.989355931763593599e-01
1.042868825336863425e-01,8.239653380245984815e-01,6.693193018305558795e-01,4.821828352001188978e-01,6.003025667438047774e-01,7.446365705034344584e-01
2.494244944893529436e-01,7.182337583016956684e-01,7.779915500702485609e-01,5.989355931763593599e-01,7.446365705034344584e-01,3.155933260419448994e-01
