5.936144946254480192e-01,4.970227342534194181e-01,3.120104428226535553e-01,4.448444253627854006e-01,5.164459870269123565e-01,6.748950433365858981e-01,7.745380645471171555e-01
4.970227342534194181e-01,8.444655913010198356e-01,4.747807946010611513e-01,3.761564739603109886e-01,2.661959947523845904e-01,7.270045148966399751e-01,6.414882093589588941e-01
3.120104428226535553e-01,4.747807946010611513e-01,2.192902803229499487e-01,1.579980276933700689e-01,4.078353138043591120e-01,5.374047855685226693e-01,4.346896043351493044e-01
4.448444253627854006e-01,3.761564739603109886e-01,1.579980276933700689e-01,3.198254138132210489e-01,6.869489414476531719e-01,6.470119512698486730e-01,3.795088622515581656e-01
5.164459870269123565e-01,2.661959947523845904e-01,4.078353138043591120e-01,6.869489414476531719e-01,4.603015567069734804e-01,5.182921124151196324e-01,2.803789062767441109e-01
6.748950433365858981e-01,7.270045148966399751e-01,5.374047855685226693e-01,6.470119512698486730e-01,5.182921124151196324e-01,4.474219200157348864e-01,4.042902110975355456e-01
7.745380645471171555e-01,6.414882093589588941e-01,4.346896043351493044e-01,3.795088622515581656e-01,2.803789062767441109e-01,4.042902110975355456e-01,2.596832526187426993e-01
