1.227692205020114447e-02,4.878033108471028223e-01,1.173018462088409319e-01,4.561550899842745088e-01,6.696736260214475323e-01,1.134653717632764236e-01
4.878033108471028223e-01,7.562074763360711049e-01,1.248462050286547331e-01,9.336858925663285014e-01,5.313047360125178198e-01,6.163621544033027755e-01
1.173018462088409319e-01,1.248462050286547331e-01,3.511384000374832004e-01,5.442976781873902770e-01,2.311070684852105095e-01,6.307794023054891230e-02
4.561550899842745088e-01,9.336858925663285014e-01,5.442976781873902770e-01,1.029208540964801077e-01,8.499432371410660103e-01,5.692139834602834014e-01
6.696736260214475323e-01,5.313047360125178198e-01,2.311070684852105095e-01,8.499432371410660103e-01,1.066200806338479801e-01,4.293570756753837259e-01
1.134653717632764236e-01,6.163621544033027755e-01,6.307794023054891230e-02,5.692139834602834014e-01,4.293570756753837259e-01,4.842960533913868160e-01
