4.328173703645121773e-02,5.688573044359089836e-01,7.244125132664644973e-01,1.003656583928381751e-01,7.353472752600470619e-02,4.027189087141811452e-01
5.688573044359089836e-01,7.662897217654329740e-01,7.931842900520611472e-01,4.707896788206988314e-01,7.699012014101569434e-01,4.325040993193895456e-01
7.244125132664644973e-01,7.931842900520611472e-01,6.349415637785772448e-01,5.221520212932779792e-01,7.455812418610576753e-01,6.107138131373552881e-01
1.003656583928381751e-01,4.707896788206988314e-01,5.221520212932779792e-01,7.087950741525250731e-01,6.053957345549222380e-01,8.010261221051422353e-01
7.353472752600470619e-02,7.699012014101569434e-01,7.455812418610576753e-01,6.053957345549222380e-01,3.925407457694389812e-01,5.114202593894567883e-01
4.027189087141811452e-01,4.325040993193895456e-01,6.107138131373552881e-01,8.010261221051422353e-01,5.114202593894567883e-01,5.227430555990779659e-01
