1.766749028696102952e-01,1.922616313981289626e-01,3.706142690861891631e-01,7.267377772816684400e-01,5.782411610156179549e-01,2.688374231640499046e-01
1.922616313981289626e-01,6.168711446681688360e-01,8.188390881488392115e-01,4.198702664844756738e-01,3.602835647636964400e-01,5.463277238855341889e-01
3.706142690861891631e-01,8.188390881488392115e-01,7.114581719854193853e-01,4.874427450272704188e-01,6.516548539620117264e-01,8.098101610178457532e-01
7.267377772816684400e-01,4.198702664844756738e-01,4.874427450272704188e-01,2.515542195384958823e-01,6.905489795531924990e-01,2.742378508230143841e-01
5.782411610156179549e-01,3.602835647636964400e-01,6.516548539620117264e-01,6.905489795531924990e-01,9.714126278814849691e-02,8.279653656485392865e-01
2.688374231640499046e-01,5.463277238855341889e-01,8.098101610178457532e-01,2.742378508230143841e-01,8.279653656485392865e-01,3.823324883884918757e-01
