7.162589927712671445e-01,7.695135996706654602e-01,6.339862837194796263e-01,4.729734812197389782e-01,3.130151609328708506e-01,6.441082192148828156e-01,1.942863743795141263e-01
7.695135996706654602e-01,2.812138981629842549e-01,5.372228707641952816e-01,5.902988384421612444e-01,1.785987219994559783e-01,5.519691420268429960e-01,7.991707880916816276e-01
6.339862837194796263e-01,5.372228707641952816e-01,1.893176568143940530e-01,1.834353817164804945e-01,4.562906878735912275e-01,7.683715102561085031e-01,4.933371743014182687e-01
4.729734812197389782e-01,5.902988384421612444e-01,1.834353817164804945e-01,3.352996364171912935e-01,4.133244196586935426e-01,6.402778043682273434e-01,6.895165397384375172e-01
3.130151609328708506e-01,1.785987219994559783e-01,4.562906878735912275e-01,4.133244196586935426e-01,5.490072549806473967e-01,6.039182955138295839e-01,5.320483332432534018e-01
6.441082192148828156e-01,5.519691420268429960e-01,7.683715102561085031e-01,6.402778043682273434e-01,6.039182955138295839e-01,7.861430317950315327e-01,4.774202568703771465e-01
1.942863743795141263e-01,7.991707880916816276e-01,4.933371743014182687e-01,6.895165397384375172e-01,5.320483332432534018e-01,4.774202568703771465e-01,8.306206279904175815e-01
