2.120732928535924433e-01,8.806941586389283039e-03,4.005957923025635359e-01,3.425253999255392090e-01,5.189762582101419275e-01,4.367871237360608783e-01
8.806941586389283039e-03,6.533788209118963630e-01,3.795240028736395210e-01,4.521160269482092375e-01,2.878088222734216384e-01,8.145661534788425362e-01
4.005957923025635359e-01,3.795240028736395210e-01,6.070862763495450398e-01,2.616030667541610621e-01,7.131920145567749447e-01,9.514064914406183959e-01
3.425253999255392090e-01,4.521160269482092375e-01,2.616030667541610621e-01,9.185349177776404028e-01,7.033031132291348575e-01,2.245052625147021530e-01
5.189762582101419275e-01,2.878088222734216384e-01,7.131920145567749447e-01,7.033031132291348575e-01,5.417878997428138277e-02,3.993040261119473189e-01
4.367871237360608783e-01,8.145661534788425362e-01,9.514064914406183959e-01,2.245052625147021530e-01,3.993040261119473189e-01,1.268939658752579192e-01
