3.203607945689461722e-01,4.465884688806447955e-01,3.488740893524526210e-01,4.130681130160335779e-01,5.712057014434642754e-01,7.576550446104532988e-01
4.465884688806447955e-01,9.829456029180220211e-01,7.886830652195757629e-01,5.127505406036613200e-01,6.411451071194456119e-01,2.969147609457714054e-01
3.488740893524526210e-01,7.886830652195757629e-01,2.422605923353614576e-01,3.419485417821762074e-01,2.354231708162085046e-01,7.970173800741136017e-01
4.130681130160335779e-01,5.127505406036613200e-01,3.419485417821762074e-01,2.957720114915918241e-01,3.295532604381535835e-01,4.859906828663550504e-01
5.712057014434642754e-01,6.411451071194456119e-01,2.354231708162085046e-01,3.295532604381535835e-01,9.839702524727695909e-01,5.226030562347445674e-01
7.576550446104532988e-01,2.969147609457714054e-01,7.970173800741136017e-01,4.859906828663550504e-01,5.226030562347445674e-01,9.120696393108018718e-01
