7.812135712925074582e-01,2.894816085309925846e-01,5.814684457147469843e-01,5.623279060952079966e-01,7.672321319255109850e-01,4.594937215879082437e-01
2.894816085309925846e-01,7.836603216906991021e-01,7.681464195232304837e-01,1.934474030466623584e-01,4.681256119170612018e-01,6.218431737750111932e-01
5.814684457147469843e-01,7.681464195232304837e-01,5.714265793325440379e-01,5.884099455899614028e-01,7.932928637754229628e-01,3.316130053401104005e-01
5.623279060952079966e-01,1.934474030466623584e-01,5.884099455899614028e-01,7.135341298475431637e-01,5.015241714037763643e-01,9.051531859835730831e-01
7.672321319255109850e-01,4.681256119170612018e-01,7.932928637754229628e-01,5.015241714037763643e-01,4.105949719880326310e-01,4.089128123649885538e-01
4.594937215879082437e-01,6.218431737750111932e-01,3.316130053401104005e-01,9.051531859835730831e-01,4.089128123649885538e-01,7.148337134627391620e-01
