3.202043003235475194e-01,7.092658201264325779e-01,8.557886628765072334e-01,5.793256626968696921e-01,1.075674809457977110e-01,1.633520366760814468e-01,4.354418541499485151e-01
7.092658201264325779e-01,2.001520904463747197e-01,3.709926414493290858e-01,5.014618643331698600e-01,3.494275273382249081e-01,5.731309739793526425e-01,5.513411020466597590e-01
8.557886628765072334e-01,3.709926414493290858e-01,3.409407523385755701e-01,2.400414609645336039e-01,2.752722128693105841e-01,5.245991947787427279e-01,3.453274079223665471e-01
5.793256626968696921e-01,5.014618643331698600e-01,2.400414609645336039e-01,5.675847415272271546e-01,3.780538658896304138e-02,5.078274805679843240e-01,3.383903435529006520e-01
1.075674809457977110e-01,3.494275273382249081e-01,2.752722128693105841e-01,3.780538658896304138e-02,3.973251126072460115e-01,5.689710423540044193e-01,4.072980206246367141e-01
1.633520366760814468e-01,5.731309739793526425e-01,5.245991947787427279e-01,5.078274805679843240e-01,5.689710423540044193e-01,8.274858279042534015e-01,2.496646391938885379e-01
4.354418541499485151e-01,5.513411020466597590e-01,3.453274079223665471e-01,3.383903435529006520e-01,4.072980206246367141e-01,2.496646391938885379e-01,1.138519011964919114e-01
