2.361144977312357174e-02,7.664932749818551549e-01,7.853719836571783075e-01,5.400293743189485962e-01,8.072644821438617058e-01,7.178422332572242937e-01,7.153734648755407655e-01
7.664932749818551549e-01,4.075613992336176716e-01,5.414317836824303898e-01,5.116783956595705174e-01,9.625033893130741092e-02,7.806600712692033373e-01,6.173251548991625093e-01
7.853719836571783075e-01,5.414317836824303898e-01,1.178506325239825347e-01,4.660532925484607847e-01,3.873067236726848162e-01,5.079706430468060585e-01,4.484910014800321809e-01
5.400293743189485962e-01,5.116783956595705174e-01,4.660532925484607847e-01,3.658958541939801856e-01,8.627885894713107628e-01,5.547361947505299318e-01,7.088825127096789469e-01
8.072644821438617058e-01,9.625033893130741092e-02,3.873067236726848162e-01,8.627885894713107628e-01,7.647757024163673867e-01,3.763227656320011216e-01,5.777972082968328982e-01
7.178422332572242937e-01,7.806600712692033373e-01,5.079706430468060585e-01,5.547361947505299318e-01,3.763227656320011216e-01,3.912733197380433570e-01,4.533616197757819877e-01
7.153734648755407655e-01,6.173251548991625093e-01,4.484910014800321809e-01,7.088825127096789469e-01,5.777972082968328982e-01,4.533616197757819877e-01,4.385296410775412213e-01
