5.717363782994885346e-01,1.577418058670926326e-01,4.763132967896549497e-01,4.241936932212460043e-01,4.634246463717154874e-01,7.346492405287015082e-01
1.577418058670926326e-01,1.606775150359797122e-01,4.373175429725649210e-01,3.324625950799051100e-01,5.227632910002684152e-01,5.292140251001885565e-01
4.763132967896549497e-01,4.373175429725649210e-01,7.410769154093276301e-01,7.661400374054331275e-01,4.216904015000936257e-01,7.973412105966776187e-02
4.241936932212460043e-01,3.324625950799051100e-01,7.661400374054331275e-01,9.771749625359072988e-01,6.726883089814243988e-01,3.730776665693976701e-01
4.634246463717154874e-01,5.227632910002684152e-01,4.216904015000936257e-01,6.726883089814243988e-01,8.207676378550975427e-01,4.788774739830782279e-01
7.346492405287015082e-01,5.292140251001885565e-01,7.973412105966776187e-02,3.730776665693976701e-01,4.788774739830782279e-01,3.185595994810347387e-01
