9.217283412838539469e-02,4.533600948215111281e-01,4.697170753752242245e-01,2.710746697537321226e-01,7.259606419750052053e-01,4.572484604113667417e-01,3.138495761290270303e-01
4.533600948215111281e-01,7.962822778389010425e-01,4.870643259361714383e-01,1.993519305090839522e-01,8.087670345245348003e-01,2.893798482262624483e-01,1.817931910063138590e-01
4.697170753752242245e-01,4.870643259361714383e-01,5.283572744246538555e-01,4.927094054168419390e-01,4.372670612537565282e-01,4.675794500538275056e-01,7.422614548978256899e-01
2.710746697537321226e-01,1.993519305090839522e-01,4.927094054168419390e-01,5.578967154101197590e-01,2.432841922846933347e-01,3.396533378333100872e-01,3.934300444749388448e-01
7.259606419750052053e-01,8.087670345245348003e-01,4.372670612537565282e-01,2.432841922846933347e-01,7.320984609267546794e-01,1.901674205970562692e-01,9.851212993127826945e-01
4.572484604113667417e-01,2.893798482262624483e-01,4.675794500538275056e-01,3.396533378333100872e-01,1.901674205970562692e-01,9.496692539239484088e-01,4.749322825063753695e-01
3.138495761290270303e-01,1.817931910063138590e-01,7.422614548978256899e-01,3.934300444749388448e-01,9.851212993127826945e-01,4.749322825063753695e-01,9.142485964241645613e-01
