6.655020425824982322e-01,3.703818281033461335e-01,4.287384735478180220e-01,6.370503170970086559e-01,7.546134174031536856e-01,2.376433622991871442e-01
3.703818281033461335e-01,7.960906381631885909e-01,4.689939588049281682e-01,2.355380731644880488e-01,1.371636459520942375e-01,4.519531349348479554e-01
4.287384735478180220e-01,4.689939588049281682e-01,5.858208106829141393e-01,6.365822956109061792e-01,2.696480831904374265e-01,5.179635936774287241e-01
6.370503170970086559e-01,2.355380731644880488e-01,6.365822956109061792e-01,5.775203696231460126e-01,3.479231103505136535e-01,2.527577456317205984e-01
7.546134174031536856e-01,1.371636459520942375e-01,2.696480831904374265e-01,3.479231103505136535e-01,5.608656754150527224e-01,5.458171184953444222e-01
2.376433622991871442e-01,4.519531349348479554e-01,5.179635936774287241e-01,2.527577456317205984e-01,5.458171184953444222e-01,7.941654597700498197e-01
