1.865556183306056326e-01,6.178695749849631991e-01,5.754860633198235487e-01,6.506740204539649408e-01,5.313426341941853703e-01,4.487435201400655216e-01
6.178695749849631991e-01,7.882499500432448292e-01,3.010184616504263944e-01,5.994396650003259719e-01,4.306249081574714532e-02,7.066655917725002123e-01
5.754860633198235487e-01,3.010184616504263944e-01,6.270110802792033811e-01,4.969484348248633387e-01,6.909361822572570588e-01,8.389287535618644709e-01
6.506740204539649408e-01,5.994396650003259719e-01,4.969484348248633387e-01,1.411065871668785165e-01,4.479020084555047077e-01,5.281847938667247888e-01
5.313426341941853703e-01,4.306249081574714532e-02,6.909361822572570588e-01,4.479020084555047077e-01,5.559210097133682194e-02,6.446710715205939968e-01
4.487435201400655216e-01,7.066655917725002123e-01,8.389287535618644709e-01,5.281847938667247888e-01,6.446710715205939968e-01,2.531247142245048876e-01
