9.646135510900114562e-01,7.452166726922906381e-01,5.347170202522946170e-01,7.956566557700071041e-01,6.753702324422059533e-01,1.399756984114158276e-01
7.452166726922906381e-01,5.165634365658055005e-01,4.414662150087005910e-01,7.203044886873140040e-01,7.076656747756994159e-01,6.811813425275354827e-01
5.347170202522946170e-01,4.414662150087005910e-01,1.251735770337965015e-01,7.272475122646202550e-01,1.066145042134570287e-01,4.675353877866169072e-01
7.956566557700071041e-01,7.203044886873140040e-01,7.272475122646202550e-01,8.627119956907239873e-01,3.373989785212306303e-01,3.999681381494955001e-01
6.753702324422059533e-01,7.076656747756994159e-01,1.066145042134570287e-01,3.373989785212306303e-01,6.896426011259805255e-01,7.820879017864137417e-01
1.399756984114158276e-01,6.811813425275354827e-01,4.675353877866169072e-01,3.999681381494955001e-01,7.820879017864137417e-01,6.388671255008012695e-01
