6.741136024228999712e-02,3.501740713991865483e-01,4.158443840952291137e-01,7.700475492525052923e-01,7.661061502228982967e-02,3.983750865946510400e-01
3.501740713991865483e-01,5.468488139276073134e-02,9.079613713237449923e-02,7.227014971092309281e-01,5.350990081617215122e-01,5.073353593028251396e-01
4.158443840952291137e-01,9.079613713237449923e-02,2.365492626677658805e-01,3.651410490824853472e-01,4.131230824161141735e-01,5.125658653419902233e-01
7.700475492525052923e-01,7.227014971092309281e-01,3.651410490824853472e-01,4.945603046527980995e-01,3.318105798850670141e-01,7.778583643786409763e-01
7.661061502228982967e-02,5.350990081617215122e-01,4.131230824161141735e-01,3.318105798850670141e-01,1.196382865770182491e-01,9.028414319088937656e-01
3.983750865946510400e-01,5.073353593028251396e-01,5.125658653419902233e-01,7.778583643786409763e-01,9.028414319088937656e-01,4.197325493016765829e-01
