2.854406537404675648e-01,2.280560870416982189e-01,8.383005665439482446e-01,2.585665932801446409e-01,7.373789458741470959e-01,4.964469241388934084e-01
2.280560870416982189e-01,9.667986575179637887e-01,6.757794616351345818e-01,7.676174905480689370e-01,6.654704489574001514e-01,9.169463657925889244e-01
8.383005665439482446e-01,6.757794616351345818e-01,6.215146860645722748e-01,6.973280729682240775e-01,3.896488512810931670e-01,3.055500835333301302e-01
2.585665932801446409e-01,7.676174905480689370e-01,6.973280729682240775e-01,5.942175380113238203e-01,8.457690125832033612e-01,4.039833172471042344e-01
7.373789458741470959e-01,6.654704489574001514e-01,3.896488512810931670e-01,8.457690125832033612e-01,4.769120811340143984e-01,2.377189945490922884e-01
4.964469241388934084e-01,9.169463657925889244e-01,3.055500835333301302e-01,4.039833172471042344e-01,2.377189945490922884e-01,2.671877580824205678e-01
