8.152836363357184313e-01,7.769688990722676269e-01,1.111723731908828006e-01,4.071069450684244306e-01,2.753407521485681797e-01,7.736704277363051219e-01
7.769688990722676269e-01,5.984461362541426688e-02,7.864397323170748688e-01,4.592602621194564194e-01,5.496643912779639596e-01,5.500824749410099246e-01
1.111723731908828006e-01,7.864397323170748688e-01,6.606231902318905336e-01,1.454799810482634848e-01,1.468687319728230189e-01,5.625164679006655621e-01
4.071069450684244306e-01,4.592602621194564194e-01,1.454799810482634848e-01,9.073899738229913581e-01,5.909496721044646961e-01,6.850076839613095103e-01
2.753407521485681797e-01,5.496643912779639596e-01,1.468687319728230189e-01,5.909496721044646961e-01,8.248482136713986002e-02,2.326755191714031112e-01
7.736704277363051219e-01,5.500824749410099246e-01,5.625164679006655621e-01,6.850076839613095103e-01,2.326755191714031112e-01,1.418872372637194346e-01
