8.608419281346355589e-01,6.437678789051307637e-01,5.598660008985046899e-01,6.514053139166968709e-01,3.395552060716811593e-01,4.295402470266584394e-01
6.437678789051307637e-01,2.617534779953504254e-01,3.938351412659433781e-01,6.311914912060665461e-01,1.513716070811320646e-01,6.725723953779242370e-01
5.598660008985046899e-01,3.938351412659433781e-01,5.850841159674875502e-01,1.631101978452726420e-01,4.682864620225637431e-01,6.109519259978810624e-01
6.514053139166968709e-01,6.311914912060665461e-01,1.631101978452726420e-01,7.192176350062298162e-01,2.428622513261346483e-01,5.543533675227028112e-01
3.395552060716811593e-01,1.513716070811320646e-01,4.682864620225637431e-01,2.428622513261346483e-01,8.688475789516196812e-01,4.951937790933969574e-01
4.295402470266584394e-01,6.725723953779242370e-01,6.109519259978810624e-01,5.543533675227028112e-01,4.951937790933969574e-01,5.633527318299110798e-01
