3.253527868699283010e-01,4.080830926530296665e-01,6.660780293496448845e-01,3.111874970690970410e-01,2.113721201244065373e-01,5.517260760179214518e-01,4.370125849438566412e-01
4.080830926530296665e-01,5.087329802614478647e-01,1.677377731949218354e-01,4.742827796549871633e-01,3.981676565258951417e-01,3.605291768480461956e-01,3.500387769584467068e-01
6.660780293496448845e-01,1.677377731949218354e-01,7.072001901340091434e-01,3.713904557247316718e-01,3.769691585407736745e-01,5.379500426648000655e-01,1.004096962239900415e-01
3.111874970690970410e-01,4.742827796549871633e-01,3.713904557247316718e-01,6.375053408706273794e-01,6.267939870131217228e-02,4.653543449721376235e-01,3.075919927422601230e-01
2.113721201244065373e-01,3.981676565258951417e-01,3.769691585407736745e-01,6.267939870131217228e-02,1.812345914914555989e-01,3.785803254923794658e-01,2.254525244693079133e-01
5.517260760179214518e-01,3.605291768480461956e-01,5.379500426648000655e-01,4.653543449721376235e-01,3.785803254923794658e-01,3.071952726532858335e-01,3.705544856279640031e-01
4.370125849438566412e-01,3.500387769584467068e-01,1.004096962239900415e-01,3.075919927422601230e-01,2.254525244693079133e-01,3.705544856279640031e-01,1.262051776851742524e-01
