6.709861965411771934e-01,4.763553568170095787e-01,2.192323737004395756e-01,7.436096442924720051e-01,6.678944655533727293e-01,8.720720425474417503e-01
4.763553568170095787e-01,7.365188186896023392e-01,3.635255499888183084e-01,7.111531744178969383e-01,3.525388059415933140e-01,4.969486991290739675e-01
2.192323737004395756e-01,3.635255499888183084e-01,4.708001842469372589e-01,5.949759700573871157e-01,3.213437296140118637e-01,5.703920673756333048e-01
7.436096442924720051e-01,7.111531744178969383e-01,5.949759700573871157e-01,6.563980097685602200e-01,3.523439257436671856e-01,5.633141811212922789e-01
6.678944655533727293e-01,3.525388059415933140e-01,3.213437296140118637e-01,3.523439257436671856e-01,6.348643700633567200e-01,9.250160368988835646e-02
8.720720425474417503e-01,4.969486991290739675e-01,5.703920673756333048e-01,5.633141811212922789e-01,9.250160368988835646e-02,7.198671106967821087e-01
