2.518550940301707008e-01,1.784618753988126416e-01,5.818242999915197444e-01,7.555467039355516778e-01,5.718538038616890473e-01,2.763769152851630051e-01
1.784618753988126416e-01,5.613935202800792723e-01,1.955695212045929221e-01,7.218439062913808435e-01,5.648206018731052325e-01,3.023410669392964101e-01
5.818242999915197444e-01,1.955695212045929221e-01,9.171154857921347547e-01,1.946453166002649060e-01,1.090771543414238987e-01,4.687767531655782083e-01
7.555467039355516778e-01,7.218439062913808435e-01,1.946453166002649060e-01,7.094123534012003462e-01,5.338415608517848021e-01,3.826400623349083263e-01
5.718538038616890473e-01,5.648206018731052325e-01,1.090771543414238987e-01,5.338415608517848021e-01,6.468182999097999986e-01,4.110638515450686925e-01
2.763769152851630051e-01,3.023410669392964101e-01,4.687767531655782083e-01,3.826400623349083263e-01,4.110638515450686925e-01,7.772206446302788452e-01
