5.301166146547714453e-01,6.891369970211096430e-01,4.837837896118468706e-01,1.843837821817391198e-01,5.749064906582423973e-02,7.593721899227159344e-01
6.891369970211096430e-01,1.272998671378392510e-01,3.069938780818983193e-01,4.975733831318251976e-01,2.556753729976160017e-01,1.836494310529702134e-01
4.837837896118468706e-01,3.069938780818983193e-01,6.955717521776030310e-01,1.707558980001619986e-01,8.885230887182447024e-01,2.032098231470123584e-01
1.843837821817391198e-01,4.975733831318251976e-01,1.707558980001619986e-01,7.730127982010536192e-01,2.532514388777944991e-01,7.000385949963022769e-01
5.749064906582423973e-02,2.556753729976160017e-01,8.885230887182447024e-01,2.532514388777944991e-01,8.546243043305357112e-01,3.698937242493149369e-01
7.593721899227159344e-01,1.836494310529702134e-01,2.032098231470123584e-01,7.000385949963022769e-01,3.698937242493149369e-01,3.888402948602383002e-01
