4.514216254015505081e-01,3.838751150144024127e-01,6.566376025542215444e-01,6.953959857184486282e-01,4.868756023756932172e-01,3.465793657978182285e-01
3.838751150144024127e-01,5.878664866642522302e-01,6.151638663856355826e-01,3.312982147299598501e-01,2.126193938353819202e-01,4.500599413040595742e-01
6.566376025542215444e-01,6.151638663856355826e-01,2.576338528070495348e-01,1.807828493782507873e-01,4.041002464128068405e-01,5.310885944221637178e-01
6.953959857184486282e-01,3.312982147299598501e-01,1.807828493782507873e-01,5.714787905127205470e-02,9.418206752312356933e-01,2.381708159874567632e-01
4.868756023756932172e-01,2.126193938353819202e-01,4.041002464128068405e-01,9.418206752312356933e-01,7.597578226656320766e-01,6.896365905641228533e-01
3.465793657978182285e-01,4.500599413040595742e-01,5.310885944221637178e-01,2.381708159874567632e-01,6.896365905641228533e-01,1.579277827719971494e-02
