1.389222703001566916e-01,4.586856688355289147e-01,2.925148133250435323e-01,9.586101523544934278e-01,5.305263642911687283e-01,5.591139338773147838e-01
4.586856688355289147e-01,9.821744829297359702e-01,1.256308093592338748e-01,8.063508071615596018e-01,8.865553621434298925e-01,5.752626674664076400e-01
2.925148133250435323e-01,1.256308093592338748e-01,9.082667887548334651e-01,9.260219080018694537e-02,1.678676928726277606e-01,3.561773791686673740e-01
9.586101523544934278e-01,8.063508071615596018e-01,9.260219080018694537e-02,5.979867217571754878e-01,5.169315327003156657e-01,7.636666230649646891e-01
5.305263642911687283e-01,8.865553621434298925e-01,1.678676928726277606e-01,5.169315327003156657e-01,1.381600936914791911e-01,8.161556791635551367e-01
5.591139338773147838e-01,5.752626674664076400e-01,3.561773791686673740e-01,7.636666230649646891e-01,8.161556791635551367e-01,5.679430018745135200e-01
