8.733396248515034044e-01,7.078300676034108285e-01,5.757552209232890128e-01,5.729970711107625903e-01,6.666046683091975122e-01,5.668722943104529399e-01
7.078300676034108285e-01,9.679881984992089183e-01,8.263274757252047076e-01,3.211166376991956839e-01,8.165618808625230152e-01,8.700002599108400680e-01
5.757552209232890128e-01,8.263274757252047076e-01,3.067897293988551821e-01,5.656047620893422945e-01,8.973574329247158143e-01,1.298102046798997322e-01
5.729970711107625903e-01,3.211166376991956839e-01,5.656047620893422945e-01,6.177103162206607490e-01,2.260062835039516882e-01,5.489749764512934505e-01
6.666046683091975122e-01,8.165618808625230152e-01,8.973574329247158143e-01,2.260062835039516882e-01,2.339136477456914553e-01,6.701740230382484675e-01
5.668722943104529399e-01,8.700002599108400680e-01,1.298102046798997322e-01,5.489749764512934505e-01,6.701740230382484675e-01,3.069471020633579572e-01
