3.184933099043246729e-01,6.635972267197759455e-01,2.935932984756906006e-01,6.102839473500958345e-01,2.736564546313348112e-01,4.444510894414279156e-01,8.454480175556065014e-01
6.635972267197759455e-01,8.104015881844217617e-02,4.870979206924333504e-01,3.203327504537343828e-01,6.031244485641960029e-01,7.045293654900487423e-01,2.270550802779047195e-01
2.935932984756906006e-01,4.870979206924333504e-01,9.267222048944461221e-01,8.474408783149061097e-01,5.824542806504668935e-01,3.299431738234425149e-01,5.368792450047750187e-01
6.102839473500958345e-01,3.203327504537343828e-01,8.474408783149061097e-01,6.651444699813580108e-02,3.553953425638935459e-01,4.359869455612918610e-01,5.492940950641247433e-01
2.736564546313348112e-01,6.031244485641960029e-01,5.824542806504668935e-01,3.553953425638935459e-01,9.804327466684337189e-02,7.458802775374631100e-01,5.759649991845019468e-01
4.444510894414279156e-01,7.045293654900487423e-01,3.299431738234425149e-01,4.359869455612918610e-01,7.458802775374631100e-01,4.238986537471446381e-01,5.943320218633276752e-01
8.454480175556065014e-01,2.270550802779047195e-01,5.368792450047750187e-01,5.492940950641247433e-01,5.759649991845019468e-01,5.943320218633276752e-01,6.329777296077754301e-02
