2.007258598290213580e-01,5.737551806909106933e-01,9.019507623646281225e-01,7.503869550437339830e-01,7.863563494882594984e-01,5.367841082806821262e-01
5.737551806909106933e-01,6.974891958772995171e-01,7.333899065262110550e-01,4.674213855669748230e-01,7.675612420141559866e-01,5.102524658909601829e-02
9.019507623646281225e-01,7.333899065262110550e-01,8.341644708313336043e-01,1.861397996162019175e-01,4.758754919284083895e-01,6.230546885971020021e-01
7.503869550437339830e-01,4.674213855669748230e-01,1.861397996162019175e-01,7.525728146366775784e-01,1.319492224719296392e-01,4.899338702308845828e-01
7.863563494882594984e-01,7.675612420141559866e-01,4.758754919284083895e-01,1.319492224719296392e-01,5.585133805799893381e-01,4.246375789635262188e-01
5.367841082806821262e-01,5.102524658909601829e-02,6.230546885971020021e-01,4.899338702308845828e-01,4.246375789635262188e-01,4.893185844022540643e-02
