9.717299085561033056e-01,5.137736911550810914e-01,5.694525168809954074e-01,8.981646342986615572e-01,3.922437392902256015e-02,6.113025017960200813e-01
5.137736911550810914e-01,5.769927192957725604e-01,3.235137300869095345e-01,6.504703495800642221e-01,3.292066498524835461e-01,8.006348173470280161e-01
5.694525168809954074e-01,3.235137300869095345e-01,5.046009313591538481e-01,5.745096628412171835e-01,1.696879529113717311e-01,5.404072072545884620e-01
8.981646342986615572e-01,6.504703495800642221e-01,5.745096628412171835e-01,7.481444302626859555e-01,5.466972314003426536e-01,4.366378033004451042e-01
3.922437392902256015e-02,3.292066498524835461e-01,1.696879529113717311e-01,5.466972314003426536e-01,1.010986699915614739e-01,4.007303066171372108e-01
6.113025017960200813e-01,8.006348173470280161e-01,5.404072072545884620e-01,4.366378033004451042e-01,4.007303066171372108e-01,9.687972892429175253e-03
