7.293524566953827337e-01,4.197078511776368148e-01,6.121557854219712436e-01,6.086209322548319367e-01,4.846624255823677174e-01,5.138172300769184853e-01
4.197078511776368148e-01,8.963987960034506264e-01,3.512971749282958189e-01,6.223768533519123958e-01,6.110345386308841942e-01,6.852728018121023723e-01
6.121557854219712436e-01,3.512971749282958189e-01,9.762839238812749398e-01,6.644952948187851094e-01,1.680575199860860902e-01,2.084463659647075584e-01
6.086209322548319367e-01,6.223768533519123958e-01,6.644952948187851094e-01,1.559255670276095129e-01,3.402195644454802936e-01,7.548416946131437655e-01
4.846624255823677174e-01,6.110345386308841942e-01,1.680575199860860902e-01,3.402195644454802936e-01,3.648427988533217148e-01,6.256275945621189161e-01
5.138172300769184853e-01,6.852728018121023723e-01,2.084463659647075584e-01,7.548416946131437655e-01,6.256275945621189161e-01,4.580410441338018668e-01
