2.371611767506418555e-01,5.850404585918480560e-01,3.491984396330394813e-01,5.182574591489059745e-01,4.444176312189497269e-01,4.871728457201788265e-01,7.339174293806370875e-01
5.850404585918480560e-01,3.021587189446648392e-01,5.319440309658396426e-01,5.438685875442912376e-01,5.433108613200327008e-02,4.895652220061735838e-01,5.359863169388313642e-01
3.491984396330394813e-01,5.319440309658396426e-01,7.164454047822799154e-02,5.895533688946187345e-01,4.420596984379177030e-01,5.814661184373506320e-01,6.226769711523247874e-01
5.182574591489059745e-01,5.438685875442912376e-01,5.895533688946187345e-01,6.613450942232823593e-01,3.230568393615070311e-01,3.129926521529232120e-01,3.511966794570195449e-01
4.444176312189497269e-01,5.433108613200327008e-02,4.420596984379177030e-01,3.230568393615070311e-01,2.642726110297065611e-01,4.419181216709658910e-01,6.713402474800249653e-01
4.871728457201788265e-01,4.895652220061735838e-01,5.814661184373506320e-01,3.129926521529232120e-01,4.419181216709658910e-01,3.681456080912950402e-01,6.420409659777315259e-01
7.339174293806370875e-01,5.359863169388313642e-01,6.226769711523247874e-01,3.511966794570195449e-01,6.713402474800249653e-01,6.420409659777315259e-01,3.911599414871650415e-01
