9.335160769377921497e-01,1.893541761261000600e-01,8.080400035326313901e-01,5.256327210866016397e-01,4.626984170276575714e-01,6.474873313867595126e-01
1.893541761261000600e-01,5.299545142345555293e-01,1.848332022908310557e-01,5.440449409810881320e-01,7.284268932044732914e-01,4.328595957854368126e-01
8.080400035326313901e-01,1.848332022908310557e-01,9.983092942486804233e-01,5.887921140852896418e-01,4.877879626617023789e-01,4.390857794777870970e-01
5.256327210866016397e-01,5.440449409810881320e-01,5.887921140852896418e-01,9.228212987513004784e-01,3.909491307267840554e-01,5.227323001425194793e-01
4.626984170276575714e-01,7.284268932044732914e-01,4.877879626617023789e-01,3.909491307267840554e-01,5.128962619074682872e-01,2.141489147592963160e-01
6.474873313867595126e-01,4.328595957854368126e-01,4.390857794777870970e-01,5.227323001425194793e-01,2.141489147592963160e-01,4.714602485237793239e-01
