7.330691218881668636e-01,6.711284217795503437e-01,2.122919576151163779e-01,5.080326418422809187e-01,8.634106047324117128e-01,6.247617862911735154e-01
6.711284217795503437e-01,4.436302224276711392e-01,8.989820430901775961e-01,7.574854121700842491e-01,2.126363115731467190e-01,3.028756527215379357e-01
2.122919576151163779e-01,8.989820430901775961e-01,8.735565645743732510e-01,3.312274143860201026e-01,2.210216501274621659e-01,4.287463600575813216e-01
5.080326418422809187e-01,7.574854121700842491e-01,3.312274143860201026e-01,6.278373940116069862e-01,7.221811356086964562e-01,3.451111481105273993e-01
8.634106047324117128e-01,2.126363115731467190e-01,2.210216501274621659e-01,7.221811356086964562e-01,2.896554830727378071e-01,5.324991643852630130e-01
6.247617862911735154e-01,3.028756527215379357e-01,4.287463600575813216e-01,3.451111481105273993e-01,5.324991643852630130e-01,4.806710176230029052e-01
