9.651039464740996943e-01,8.891230802695014868e-01,9.329387832422905147e-01,6.723452652699177801e-01,2.765663284562687174e-01,8.105071447859675260e-01
8.891230802695014868e-01,8.606991560594212665e-02,3.039516313200789077e-01,6.377757439695186381e-01,7.174140451369342975e-02,4.488847993657421043e-01
9.329387832422905147e-01,3.039516313200789077e-01,8.544285358875669534e-02,3.962691186430633006e-01,4.606544016467216118e-01,2.940507270388335592e-01
6.723452652699177801e-01,6.377757439695186381e-01,3.962691186430633006e-01,7.059191029666157524e-01,3.932353320476957292e-01,6.098699875574971063e-01
2.765663284562687174e-01,7.174140451369342975e-02,4.606544016467216118e-01,3.932353320476957292e-01,9.870492682563072329e-01,8.712245576206237851e-01
8.105071447859675260e-01,4.488847993657421043e-01,2.940507270388335592e-01,6.098699875574971063e-01,8.712245576206237851e-01,2.248204559117331636e-01
