1.299790139847900594e-02,7.070281854231248442e-01,6.695549337108073207e-01,5.280209431915163787e-01,5.138091456858915329e-01,1.363410437529539720e-01
7.070281854231248442e-01,3.752523350365831734e-01,5.762128346536378176e-01,8.640656917632287826e-01,3.727867261769809426e-01,2.754539719250261864e-01
6.695549337108073207e-01,5.762128346536378176e-01,6.506702342173027453e-01,7.122723881550196978e-01,5.960923595086450311e-01,6.857342627285245573e-01
5.280209431915163787e-01,8.640656917632287826e-01,7.122723881550196978e-01,4.448019746563733889e-01,1.714140009027141920e-01,5.619418239105713475e-01
5.138091456858915329e-01,3.727867261769809426e-01,5.960923595086450311e-01,1.714140009027141920e-01,8.746488228304136747e-01,4.697305772743379237e-01
1.363410437529539720e-01,2.754539719250261864e-01,6.857342627285245573e-01,5.619418239105713475e-01,4.697305772743379237e-01,8.402763614817527760e-01
