4.879714865672486468e-01,7.540693571068819434e-01,4.232037372098865213e-01,8.329939202420613142e-01,2.485006690197064105e-01,3.929250489550373815e-01,3.573455460289697294e-01
7.540693571068819434e-01,4.962018766297550121e-01,1.349629421346990599e-01,4.240951052409222544e-01,7.750020805887801734e-01,3.048299555188481724e-01,4.593873310970312818e-01
4.232037372098865213e-01,1.349629421346990599e-01,4.406303776960481811e-01,1.578479877771571949e-01,4.701236743818071329e-01,3.024041777496069283e-01,2.055161536087661833e-01
8.329939202420613142e-01,4.240951052409222544e-01,1.578479877771571949e-01,7.596094903679718735e-01,4.294837797179501537e-02,9.049735353083648848e-01,5.802032608732466956e-01
2.485006690197064105e-01,7.750020805887801734e-01,4.701236743818071329e-01,4.294837797179501537e-02,5.007333709734187455e-01,7.635665259082382583e-01,6.097637887617166630e-01
3.929250489550373815e-01,3.048299555188481724e-01,3.024041777496069283e-01,9.049735353083648848e-01,7.635665259082382583e-01,7.855374506928428646e-01,6.350572964541554288e-01
3.573455460289697294e-01,4.593873310970312818e-01,2.055161536087661833e-01,5.802032608732466956e-01,6.097637887617166630e-01,6.350572964541554288e-01,1.390842762115216402e-01
