5.630233316869527327e-01,6.010946666973174812e-01,6.196598730251849929e-01,5.737985807047150111e-01,4.637606541797252291e-01,5.361963943106133890e-01
6.010946666973174812e-01,9.650157592952148811e-01,6.233588527906596122e-01,2.613508424220083448e-01,5.808217686880783326e-01,4.963750953356742546e-01
6.196598730251849929e-01,6.233588527906596122e-01,3.010106726320633808e-01,2.089372254954368624e-01,3.397424333295803733e-01,3.729434149281604105e-01
5.737985807047150111e-01,2.613508424220083448e-01,2.089372254954368624e-01,5.614858469763789328e-01,2.527541202415922172e-01,3.953297409642848592e-01
4.637606541797252291e-01,5.808217686880783326e-01,3.397424333295803733e-01,2.527541202415922172e-01,6.202394885577923178e-01,3.797159373385412540e-01
5.361963943106133890e-01,4.963750953356742546e-01,3.729434149281604105e-01,3.953297409642848592e-01,3.797159373385412540e-01,6.830754403755622262e-01
