9.086517309665026465e-01,5.795090229843664620e-01,3.739763622965002754e-01,4.912024438700855478e-01,3.052779668135441327e-01,2.599706030836312909e-01
5.795090229843664620e-01,4.468976463478883110e-01,5.977921655410872726e-01,7.687626220876777605e-01,3.004729373122318470e-01,5.733883238180650377e-01
3.739763622965002754e-01,5.977921655410872726e-01,2.568451165593299557e-02,2.669192525676564731e-01,2.660696742032308548e-01,8.537244515784392362e-01
4.912024438700855478e-01,7.687626220876777605e-01,2.669192525676564731e-01,9.999437096092763655e-01,3.158688079880875299e-01,3.505780368767666966e-01
3.052779668135441327e-01,3.004729373122318470e-01,2.660696742032308548e-01,3.158688079880875299e-01,6.724266485380835379e-01,9.294117761093487751e-01
2.599706030836312909e-01,5.733883238180650377e-01,8.537244515784392362e-01,3.505780368767666966e-01,9.294117761093487751e-01,8.422839772119987689e-01
