2.376299498263069188e-01,4.492031632957344534e-01,6.620596272376522151e-01,3.515438980429998472e-01,4.295563045090508569e-01,4.850023786154779026e-01
4.492031632957344534e-01,2.105592429900158269e-01,4.627566140552962781e-01,4.097588523233935964e-01,6.594515221174097608e-01,5.586317752220220090e-01
6.620596272376522151e-01,4.627566140552962781e-01,2.598336589645209305e-01,8.115382406463115261e-01,6.273296609908911581e-01,2.762635572340106926e-01
3.515438980429998472e-01,4.097588523233935964e-01,8.115382406463115261e-01,8.574085368011663544e-02,1.835513360330205401e-01,8.150587234450452634e-01
4.295563045090508569e-01,6.594515221174097608e-01,6.273296609908911581e-01,1.835513360330205401e-01,1.916005231884303495e-01,6.111255974893744503e-01
4.850023786154779026e-01,5.586317752220220090e-01,2.762635572340106926e-01,8.150587234450452634e-01,6.111255974893744503e-01,2.124727406584384637e-01
