4.495729994654126260e-01,3.307667924134726767e-01,7.263499253214220630e-01,3.152763588200781508e-01,9.786430570053877842e-01,4.428424230156029484e-01
3.307667924134726767e-01,6.256692322043028165e-01,2.867680195427928513e-01,4.269113755414887246e-01,2.935565960719904721e-01,3.504433378276722855e-01
7.263499253214220630e-01,2.867680195427928513e-01,4.120551440939090870e-01,3.894830690672541618e-01,1.824372413157027140e-01,6.060107783197018483e-01
3.152763588200781508e-01,4.269113755414887246e-01,3.894830690672541618e-01,4.500535471157085521e-02,3.442591568990016615e-01,6.563366383229238821e-01
9.786430570053877842e-01,2.935565960719904721e-01,1.824372413157027140e-01,3.442591568990016615e-01,6.470603417589171347e-01,4.235039401290210392e-01
4.428424230156029484e-01,3.504433378276722855e-01,6.060107783197018483e-01,6.563366383229238821e-01,4.235039401290210392e-01,5.218865230503049180e-01
