1.526099129253607467e-01,3.789347853893380025e-01,7.510204761694370124e-01,3.755628714528213563e-01,6.535516345416150230e-01,5.555998906716066443e-01
3.789347853893380025e-01,1.256446336532424102e-01,5.482699741401866333e-01,8.870737806078921039e-01,2.612861900254903058e-01,1.980135797978831991e-01
7.510204761694370124e-01,5.482699741401866333e-01,1.940605130559673874e-01,4.063909445303909851e-01,4.901071876066877553e-01,3.741469449177019513e-01
3.755628714528213563e-01,8.870737806078921039e-01,4.063909445303909851e-01,2.636058930180825710e-01,4.678070018457989310e-01,5.246247542365414240e-01
6.535516345416150230e-01,2.612861900254903058e-01,4.901071876066877553e-01,4.678070018457989310e-01,4.683656789018744160e-01,5.157127361338385008e-01
5.555998906716066443e-01,1.980135797978831991e-01,3.741469449177019513e-01,5.246247542365414240e-01,5.157127361338385008e-01,1.002256211153800258e-01
