7.134417441162121953e-02,2.532394997336456233e-01,3.643610469413662289e-01,2.885830391472770096e-01,6.216162759079897349e-01,5.899525358940909125e-01,8.335640126424346263e-01
2.532394997336456233e-01,1.892824249663126457e-01,3.565285786378802890e-01,5.656115102402592409e-01,1.731848983954829557e-01,7.323895557244606280e-01,5.378489251162883455e-01
3.643610469413662289e-01,3.565285786378802890e-01,5.922794185669145728e-01,5.128036649743918929e-01,4.405991838471671751e-01,7.254231610449075607e-01,8.208182921240235741e-01
2.885830391472770096e-01,5.656115102402592409e-01,5.128036649743918929e-01,8.486079518293280222e-01,4.989755546555847965e-01,8.312034529897109891e-01,5.954756138362078399e-01
6.216162759079897349e-01,1.731848983954829557e-01,4.405991838471671751e-01,4.989755546555847965e-01,5.235619788225326365e-01,8.123409680448174797e-01,6.840287627546056681e-01
5.899525358940909125e-01,7.323895557244606280e-01,7.254231610449075607e-01,8.312034529897109891e-01,8.123409680448174797e-01,2.033691572828015826e-01,2.026941865604628412e-01
8.335640126424346263e-01,5.378489251162883455e-01,8.208182921240235741e-01,5.954756138362078399e-01,6.840287627546056681e-01,2.026941865604628412e-01,3.151142868580580902e-01
