4.040535379023471041e-01,6.902634406618882723e-01,8.473388952867549895e-02,1.135341255727022047e-01,4.821841816640488054e-01,4.703920017542199683e-01
6.902634406618882723e-01,4.080055426392540374e-01,6.370614967306056364e-01,6.618700976819267279e-01,2.200874619607492977e-01,6.888365200530929267e-01
8.473388952867549895e-02,6.370614967306056364e-01,3.839071546133138169e-01,6.511340060897254922e-01,6.960976180886696563e-01,7.880322519519521451e-01
1.135341255727022047e-01,6.618700976819267279e-01,6.511340060897254922e-01,7.177458857160707861e-01,7.248821023421265775e-01,3.390072785309694581e-01
4.821841816640488054e-01,2.200874619607492977e-01,6.960976180886696563e-01,7.248821023421265775e-01,9.693893254599537102e-01,4.319373690120008047e-01
4.703920017542199683e-01,6.888365200530929267e-01,7.880322519519521451e-01,3.390072785309694581e-01,4.319373690120008047e-01,2.866437987543400956e-01
