4.354755302733142042e-01,3.067533009706052138e-01,5.467888678600958396e-01,6.893270441818593053e-01,7.666105023716011102e-01,1.823658565674594056e-01
3.067533009706052138e-01,3.636935030128225499e-01,5.024363974043726255e-01,6.894068590235307159e-01,4.336480201807283996e-01,4.069900861976482043e-01
5.467888678600958396e-01,5.024363974043726255e-01,9.030952916404247910e-01,3.308224715160362206e-01,1.676003844986612701e-01,5.978957075119322173e-01
6.893270441818593053e-01,6.894068590235307159e-01,3.308224715160362206e-01,7.053804828191285736e-01,8.675526851149995000e-01,2.094581388623147911e-01
7.666105023716011102e-01,4.336480201807283996e-01,1.676003844986612701e-01,8.675526851149995000e-01,2.022221710799891881e-01,2.497175480786636981e-01
1.823658565674594056e-01,4.069900861976482043e-01,5.978957075119322173e-01,2.094581388623147911e-01,2.497175480786636981e-01,3.415582517034621013e-02
