5.803307602469733872e-01,7.139842350535131610e-01,7.485115441758454224e-01,3.096145118193195378e-01,1.626720010255558457e-01,7.160205686195022512e-01
7.139842350535131610e-01,1.996495854271281845e-01,3.133253338220474138e-01,3.170936869746833753e-01,5.865495448682869206e-01,3.691456264536342458e-01
7.485115441758454224e-01,3.133253338220474138e-01,9.195093998277111824e-01,5.697067770761468086e-01,7.277690294854075592e-01,8.743984370567499109e-01
3.096145118193195378e-01,3.170936869746833753e-01,5.697067770761468086e-01,9.690281912938027986e-01,2.175779530228172387e-01,7.000639107798656280e-01
1.626720010255558457e-01,5.865495448682869206e-01,7.277690294854075592e-01,2.175779530228172387e-01,9.981281323480601930e-01,4.827096703387585008e-01
7.160205686195022512e-01,3.691456264536342458e-01,8.743984370567499109e-01,7.000639107798656280e-01,4.827096703387585008e-01,9.376577721116563513e-02
