4.512660115452332699e-01,1.891182435959059549e-01,9.036020288196824346e-01,7.955933947934993311e-01,6.866058317925736176e-01,6.470452159259656444e-01,7.103002794358361793e-01
1.891182435959059549e-01,6.911413251661973067e-01,2.769383012459041837e-01,2.554600429328695022e-01,1.529955835810436482e-01,3.861879622543234469e-01,4.227811101610701727e-01
9.036020288196824346e-01,2.769383012459041837e-01,9.676120143348498903e-01,5.489937025465450038e-01,3.722382580228427162e-01,1.330648201134066455e-01,5.042016716196020543e-01
7.955933947934993311e-01,2.554600429328695022e-01,5.489937025465450038e-01,4.680046588022357401e-01,7.262414384999543726e-01,4.783838690077557576e-01,2.723168116720243170e-01
6.866058317925736176e-01,1.529955835810436482e-01,3.722382580228427162e-01,7.262414384999543726e-01,8.661294454685041222e-01,2.521750435354666031e-01,6.158055305918119782e-01
6.470452159259656444e-01,3.861879622543234469e-01,1.330648201134066455e-01,4.783838690077557576e-01,2.521750435354666031e-01,5.410510093104131668e-01,3.762439718870360106e-01
7.103002794358361793e-01,4.227811101610701727e-01,5.042016716196020543e-01,2.723168116720243170e-01,6.158055305918119782e-01,3.762439718870360106e-01,4.165332203006129053e-01
