7.033359771815117512e-02,4.024776113171770753e-01,4.297453960290374964e-01,3.418041793335420131e-01,7.587264381647012002e-01,4.695955333930539877e-01
4.024776113171770753e-01,3.505110841126246601e-02,3.973235840067437241e-01,6.934722164214763840e-01,4.847876529430958370e-01,3.968825044552692916e-01
4.297453960290374964e-01,3.973235840067437241e-01,1.658683097085172919e-01,6.132242148760254086e-01,1.582371406364274646e-01,8.081778438862785574e-01
3.418041793335420131e-01,6.934722164214763840e-01,6.132242148760254086e-01,4.494368091634033391e-01,1.833022778662019570e-01,7.382508233560671762e-01
7.587264381647012002e-01,4.847876529430958370e-01,1.582371406364274646e-01,1.833022778662019570e-01,2.228976961781897748e-01,6.413260033701480012e-01
4.695955333930539877e-01,3.968825044552692916e-01,8.081778438862785574e-01,7.382508233560671762e-01,6.413260033701480012e-01,3.566936972584444643e-02
