1.612321525067519357e-01,2.348200052513945701e-01,4.931435411162823357e-01,4.405602571979283510e-01,3.455749666299492429e-01,5.454148661346287508e-01
2.348200052513945701e-01,5.678719158214728946e-01,4.177593531403381855e-01,5.848058791463608408e-01,4.575176665910861695e-01,2.032286655855158330e-01
4.931435411162823357e-01,4.177593531403381855e-01,7.858435699450242451e-01,4.049919177970604522e-01,2.242600023943606136e-01,5.237436212778814326e-01
4.405602571979283510e-01,5.848058791463608408e-01,4.049919177970604522e-01,1.860791427023075206e-01,5.634550463290166622e-01,4.204686514842183587e-01
3.455749666299492429e-01,4.575176665910861695e-01,2.242600023943606136e-01,5.634550463290166622e-01,6.810853262482891024e-01,3.348354170592332535e-01
5.454148661346287508e-01,2.032286655855158330e-01,5.237436212778814326e-01,4.204686514842183587e-01,3.348354170592332535e-01,8.707873813270938790e-01
