1.933258017304981813e-01,3.946922961189753276e-01,4.301043253608168304e-01,2.520553862487106556e-01,2.273008432301238946e-01,5.110208388345424124e-01
3.946922961189753276e-01,2.027125130865259361e-02,8.071592560511071657e-01,6.606151596890805777e-01,7.244515687644552671e-01,4.534927212272956143e-01
4.301043253608168304e-01,8.071592560511071657e-01,3.955110322657245936e-01,4.291965849291775603e-01,3.161812059070588377e-01,6.949535841398246649e-01
2.520553862487106556e-01,6.606151596890805777e-01,4.291965849291775603e-01,3.166738479017117136e-01,6.268489368257539329e-01,2.695169288602025648e-01
2.273008432301238946e-01,7.244515687644552671e-01,3.161812059070588377e-01,6.268489368257539329e-01,1.438414341104240490e-01,2.970538367778534639e-01
5.110208388345424124e-01,4.534927212272956143e-01,6.949535841398246649e-01,2.695169288602025648e-01,2.970538367778534639e-01,8.633780108943290843e-01
