3.832706180074026969e-01,5.320874997094490189e-01,5.756327848060588392e-01,4.275603407808988843e-01,2.609214718721867277e-01,2.831102160016762959e-01
5.320874997094490189e-01,4.297397988865754304e-01,7.970589299967725250e-01,7.074872286911697561e-01,6.569619980402769954e-01,2.123932521938834972e-01
5.756327848060588392e-01,7.970589299967725250e-01,5.769337026784751021e-01,5.115806510782285876e-01,1.981957250347559096e-01,1.835045871607849932e-01
4.275603407808988843e-01,7.074872286911697561e-01,5.115806510782285876e-01,7.985424685273082579e-01,6.386709752407733198e-01,7.059942199266474594e-01
2.609214718721867277e-01,6.569619980402769954e-01,1.981957250347559096e-01,6.386709752407733198e-01,4.842660673114307368e-01,3.599710076188824548e-01
2.831102160016762959e-01,2.123932521938834972e-01,1.835045871607849932e-01,7.059942199266474594e-01,3.599710076188824548e-01,1.774612964006333504e-01
