1.451253116964829060e-01,4.753198914323753521e-01,6.217170992576801503e-01,3.824136453616792664e-01,3.332602549151201243e-01,4.913691558122876835e-01,9.054682632398719511e-01
4.753198914323753521e-01,5.540617199804258597e-01,3.523648498289167486e-01,4.893430844179474937e-02,4.438609800293585317e-01,1.788249821616506030e-01,5.820727075581697552e-01
6.217170992576801503e-01,3.523648498289167486e-01,5.535830783296685764e-01,2.295570409967291892e-01,4.855242075175192351e-01,5.161165857761518261e-01,6.599242571555712367e-01
3.824136453616792664e-01,4.893430844179474937e-02,2.295570409967291892e-01,7.731788861629605991e-01,4.207207317158073168e-01,9.084906055427357519e-01,2.690110923857524927e-01
3.332602549151201243e-01,4.438609800293585317e-01,4.855242075175192351e-01,4.207207317158073168e-01,8.656977897981914527e-01,4.346357711306206850e-01,4.277094530373656278e-01
4.913691558122876835e-01,1.788249821616506030e-01,5.161165857761518261e-01,9.084906055427357519e-01,4.346357711306206850e-01,6.874267054217313433e-01,6.509226522950083416e-01
9.054682632398719511e-01,5.820727075581697552e-01,6.599242571555712367e-01,2.690110923857524927e-01,4.277094530373656278e-01,6.509226522950083416e-01,8.666251460907307136e-01
