7.879652963577810088e-02,6.936633667552054572e-01,4.115519660650247546e-01,7.559270649513942786e-01,3.018973118822959600e-02,3.949749231908045166e-01,7.613762690139328493e-01
6.936633667552054572e-01,4.741844332710087873e-01,4.251851808898186036e-01,6.143998134131007927e-01,5.202238898956099700e-01,6.147891731386261327e-01,5.408189871711422958e-01
4.115519660650247546e-01,4.251851808898186036e-01,5.136005643275389776e-01,5.833378594851982291e-01,2.797877396564223407e-01,5.128961399103544316e-01,4.442125110331030524e-01
7.559270649513942786e-01,6.143998134131007927e-01,5.833378594851982291e-01,1.454004622751708942e-01,6.205379942721688247e-01,3.281610879457898533e-01,3.500593313785287375e-01
3.018973118822959600e-02,5.202238898956099700e-01,2.797877396564223407e-01,6.205379942721688247e-01,1.088385729231509114e-01,8.801805360216383711e-01,2.595858428355202197e-01
3.949749231908045166e-01,6.147891731386261327e-01,5.128961399103544316e-01,3.281610879457898533e-01,8.801805360216383711e-01,4.144128909077452461e-01,6.773647391336198309e-01
7.613762690139328493e-01,5.408189871711422958e-01,4.442125110331030524e-01,3.500593313785287375e-01,2.595858428355202197e-01,6.773647391336198309e-01,3.754079084349575268e-01
