3.438306801530759405e-01,3.508867910309321769e-01,5.064382000539668915e-01,4.536539319494252154e-01,6.382090541318092836e-01,6.425889035953687989e-01
3.508867910309321769e-01,3.044354720195224795e-01,8.426450616149994133e-02,2.657289737556990383e-01,6.252168061342404659e-01,8.870351104991907043e-01
5.064382000539668915e-01,8.426450616149994133e-02,8.398628459801131818e-01,4.248447304190102192e-01,3.640197188716012833e-01,3.686306725268827522e-01
4.536539319494252154e-01,2.657289737556990383e-01,4.248447304190102192e-01,4.412917065088595159e-02,3.273753274357556475e-01,2.051145751496880609e-01
6.382090541318092836e-01,6.252168061342404659e-01,3.640197188716012833e-01,3.273753274357556475e-01,5.963520885023729790e-01,2.573707525544201014e-01
6.425889035953687989e-01,8.870351104991907043e-01,3.686306725268827522e-01,2.051145751496880609e-01,2.573707525544201014e-01,4.053888057324483984e-01
