6.392158357188865159e-01,4.300224583928152766e-01,6.203592267579312036e-01,4.823077981333968034e-01,4.532432949978605352e-01,7.061160176953757972e-01
4.300224583928152766e-01,4.481619483906962298e-01,6.363594461050205986e-01,5.021250488033470738e-01,4.846844235446360893e-01,6.393463382642993187e-01
6.203592267579312036e-01,6.363594461050205986e-01,1.369094361577261054e-02,3.711613521859085663e-01,3.487217781444196807e-01,1.835981243775866578e-01
4.823077981333968034e-01,5.021250488033470738e-01,3.711613521859085663e-01,9.902727696381555811e-01,7.096169965105190158e-01,6.282485374104149756e-01
4.532432949978605352e-01,4.846844235446360893e-01,3.487217781444196807e-01,7.096169965105190158e-01,8.556068670353808026e-01,5.852272934204401089e-01
7.061160176953757972e-01,6.393463382642993187e-01,1.835981243775866578e-01,6.282485374104149756e-01,5.852272934204401089e-01,5.055563093204249459e-01
