2.470177906561884518e-01,5.266725515455273898e-01,5.985866538128234993e-01,8.088712142540922523e-01,1.257944303238283101e-01,5.172873787038704263e-01,8.735187955980709962e-01
5.266725515455273898e-01,2.702662461694629314e-01,2.833217744661356008e-01,9.022806327502486123e-02,5.704441000721747201e-01,3.697659100054339620e-01,6.074303460306452740e-01
5.985866538128234993e-01,2.833217744661356008e-01,6.239632236598579018e-01,4.673502786778455098e-01,5.890756901288829450e-01,6.349217148843198100e-01,6.829281089426693097e-01
8.088712142540922523e-01,9.022806327502486123e-02,4.673502786778455098e-01,8.591412028569833659e-01,5.870561591100371679e-01,4.549483931938206882e-01,5.071706509062253732e-01
1.257944303238283101e-01,5.704441000721747201e-01,5.890756901288829450e-01,5.870561591100371679e-01,2.103929083316530280e-01,2.208991483162594527e-01,4.644102273053284380e-01
5.172873787038704263e-01,3.697659100054339620e-01,6.349217148843198100e-01,4.549483931938206882e-01,2.208991483162594527e-01,3.520475192984168222e-01,7.224398699239915622e-01
8.735187955980709962e-01,6.074303460306452740e-01,6.829281089426693097e-01,5.071706509062253732e-01,4.644102273053284380e-01,7.224398699239915622e-01,2.439433944743176763e-01
