8.220740184272151696e-01,7.133078454298487081e-01,1.119373092249078550e-01,6.878922331981371929e-01,4.572771348523276824e-01,3.335495412201427978e-01
7.133078454298487081e-01,3.538576147582770393e-01,6.976962600749516685e-01,7.375919151201070223e-01,4.749457832388118694e-01,3.250534113844854023e-01
1.119373092249078550e-01,6.976962600749516685e-01,6.074002490655627806e-02,1.664688928455763661e-01,6.541002674765810099e-01,5.133916544629613110e-01
6.878922331981371929e-01,7.375919151201070223e-01,1.664688928455763661e-01,9.763166415536492782e-01,7.740361856163382459e-01,8.249867100980712298e-01
4.572771348523276824e-01,4.749457832388118694e-01,6.541002674765810099e-01,7.740361856163382459e-01,6.492084151977820516e-01,2.482888098997771409e-01
3.335495412201427978e-01,3.250534113844854023e-01,5.133916544629613110e-01,8.249867100980712298e-01,2.482888098997771409e-01,7.997561821283982741e-01
