7.656582415991227686e-01,7.263796436427475411e-01,5.371101243940307191e-01,7.917744422368953039e-01,7.088979388615397337e-01,6.617539439259648715e-01,9.830093275750699799e-01
7.263796436427475411e-01,3.261736227745130057e-01,6.431805509976251667e-01,3.480472157697132030e-01,3.102145455668148810e-01,7.135708443677397650e-01,6.175109179445021912e-01
5.371101243940307191e-01,6.431805509976251667e-01,5.086617198233166492e-01,5.549671145614283319e-01,3.380262323181755790e-01,5.088609094046673276e-01,8.345078887243499999e-01
7.917744422368953039e-01,3.480472157697132030e-01,5.549671145614283319e-01,3.412674241001435460e-01,7.172298466935844719e-01,8.000207656935882650e-01,7.192028810802811867e-01
7.088979388615397337e-01,3.102145455668148810e-01,3.380262323181755790e-01,7.172298466935844719e-01,4.660597600418253661e-01,5.906931773256572926e-01,3.866003678643623043e-01
6.617539439259648715e-01,7.135708443677397650e-01,5.088609094046673276e-01,8.000207656935882650e-01,5.906931773256572926e-01,3.045308944059702538e-01,8.216026884358668125e-01
9.830093275750699799e-01,6.175109179445021912e-01,8.345078887243499999e-01,7.192028810802811867e-01,3.866003678643623043e-01,8.216026884358668125e-01,9.712541030818356846e-01
