7.736984762235336044e-01,4.097082219993585794e-01,5.005115666760184823e-01,4.555606525997094036e-01,4.738811482763494731e-01,5.592953337768123978e-01,4.693305698941231396e-01
4.097082219993585794e-01,1.449859631074899013e-01,3.304169745899517285e-01,7.645035424859005779e-01,7.899428024414434368e-01,7.709530551948818866e-01,5.701896030147810546e-01
5.005115666760184823e-01,3.304169745899517285e-01,6.543321330696623139e-01,3.886341796883821531e-01,2.726707223799731961e-01,8.303150082561998602e-01,8.487051007214554410e-01
4.555606525997094036e-01,7.645035424859005779e-01,3.886341796883821531e-01,5.314730073446725100e-01,3.667165401855134177e-01,3.218334276760702051e-01,6.749419440413215732e-01
4.738811482763494731e-01,7.899428024414434368e-01,2.726707223799731961e-01,3.667165401855134177e-01,8.556718271068378678e-01,7.513538146829192854e-01,3.586566267384714291e-01
5.592953337768123978e-01,7.709530551948818866e-01,8.303150082561998602e-01,3.218334276760702051e-01,7.513538146829192854e-01,4.149939583337387550e-01,5.518350671450816813e-01
4.693305698941231396e-01,5.701896030147810546e-01,8.487051007214554410e-01,6.749419440413215732e-01,3.586566267384714291e-01,5.518350671450816813e-01,8.724565737100409279e-02
