2.300477932796024527e-01,7.051507197427643314e-01,2.363716402281942908e-01,5.874325022583694045e-01,5.265837843136051966e-01,5.347208304469140971e-01
7.051507197427643314e-01,3.410437165218745958e-01,6.201922839730180659e-01,6.065742465328872735e-01,4.934812223926093866e-01,6.773854827479979246e-01
2.363716402281942908e-01,6.201922839730180659e-01,2.781498381076127346e-01,5.520221831174003668e-01,5.797645608142192319e-01,7.736041659315323615e-02
5.874325022583694045e-01,6.065742465328872735e-01,5.520221831174003668e-01,2.788678399127888508e-01,5.406797718457563295e-01,5.221908616582083829e-01
5.265837843136051966e-01,4.934812223926093866e-01,5.797645608142192319e-01,5.406797718457563295e-01,7.317896720001862976e-01,3.189689051700145828e-01
5.347208304469140971e-01,6.773854827479979246e-01,7.736041659315323615e-02,5.221908616582083829e-01,3.189689051700145828e-01,3.789769002311909052e-01
