2.602071436792041670e-02,6.327059196877979907e-01,4.547832899982840460e-01,7.642827213576909307e-01,4.152540953385706612e-01,6.663108809841130631e-01
6.327059196877979907e-01,4.198374329230494251e-01,5.970484219672027582e-01,4.722613481835215010e-01,1.817942602049869016e-01,7.977654633802262474e-01
4.547832899982840460e-01,5.970484219672027582e-01,8.074086810261186242e-01,5.422410774892520990e-01,3.191046152717377238e-01,8.201468822597997033e-01
7.642827213576909307e-01,4.722613481835215010e-01,5.422410774892520990e-01,7.674578017595679036e-02,6.033987139185555959e-01,7.147660587598956283e-01
4.152540953385706612e-01,1.817942602049869016e-01,3.191046152717377238e-01,6.033987139185555959e-01,6.207307751684416619e-01,7.622513192460084186e-01
6.663108809841130631e-01,7.977654633802262474e-01,8.201468822597997033e-01,7.147660587598956283e-01,7.622513192460084186e-01,9.919502838136933232e-01
