4.857524557500604301e-01,7.090954341824893259e-01,8.728054347177782724e-01,9.620013015731149197e-02,7.696377030322537616e-02,4.977683130437330905e-01
7.090954341824893259e-01,1.557716934282532550e-01,5.608321504678950298e-01,4.630472932715973267e-01,8.231267845375902503e-01,3.518508179244262402e-01
8.728054347177782724e-01,5.608321504678950298e-01,1.412440924914850626e-01,6.629166322782370502e-02,5.742075832004733815e-01,5.054855034410952186e-01
9.620013015731149197e-02,4.630472932715973267e-01,6.629166322782370502e-02,3.715950581026954413e-01,7.527683571579519839e-01,9.851111446984472941e-02
7.696377030322537616e-02,8.231267845375902503e-01,5.742075832004733815e-01,7.527683571579519839e-01,4.308491775338260110e-01,2.493082425232442945e-01
4.977683130437330905e-01,3.518508179244262402e-01,5.054855034410952186e-01,9.851111446984472941e-02,2.493082425232442945e-01,9.213875262240167618e-02
