3.589926006745516318e-01,6.284222931962046843e-01,5.358399409619790665e-01,4.874350050925589928e-01,6.507236264234865786e-01,7.388475592830028305e-01
6.284222931962046843e-01,5.241614950933878303e-01,1.770419427794908129e-01,4.274881689209062974e-01,7.178859900226373103e-01,6.973768621198479511e-01
5.358399409619790665e-01,1.770419427794908129e-01,4.896902606515585177e-02,7.592967423971296315e-01,6.765506290524718747e-01,2.764290608964618534e-01
4.874350050925589928e-01,4.274881689209062974e-01,7.592967423971296315e-01,9.252211562739036665e-01,2.099180343309869912e-01,3.565894391102743533e-01
6.507236264234865786e-01,7.178859900226373103e-01,6.765506290524718747e-01,2.099180343309869912e-01,1.927526075631936786e-01,8.726741240176404402e-01
7.388475592830028305e-01,6.973768621198479511e-01,2.764290608964618534e-01,3.565894391102743533e-01,8.726741240176404402e-01,2.121151255624377230e-01
