9.098783313574129172e-01,3.352132448877445103e-01,4.397120861970735262e-01,5.254460160110012712e-01,1.962445228567865074e-01,5.580254805027275999e-01
3.352132448877445103e-01,2.723473082591959527e-01,8.055212572851364605e-01,4.799428813764966550e-01,6.172052138022330325e-01,5.066546974783036061e-01
4.397120861970735262e-01,8.055212572851364605e-01,1.243396561301310932e-01,3.392605232600883758e-01,6.180306814652827274e-01,4.932532055290679840e-01
5.254460160110012712e-01,4.799428813764966550e-01,3.392605232600883758e-01,7.504212034646839946e-01,2.765976961488082475e-01,3.494345397221574334e-01
1.962445228567865074e-01,6.172052138022330325e-01,6.180306814652827274e-01,2.765976961488082475e-01,7.403876229561313638e-01,2.286569775673695792e-01
5.580254805027275999e-01,5.066546974783036061e-01,4.932532055290679840e-01,3.494345397221574334e-01,2.286569775673695792e-01,8.173147141667888027e-01
