7.733519847493308674e-01,6.399916942114436402e-01,6.512117299611487331e-01,2.491924854852655691e-01,2.948728405977524281e-01,5.410428008964651703e-01
6.399916942114436402e-01,7.542547109553829898e-01,6.630759625661530876e-01,3.463609677036401657e-01,8.061229022369915675e-01,3.045527234452048426e-01
6.512117299611487331e-01,6.630759625661530876e-01,5.727363064910269141e-01,4.468181941921106626e-02,6.065613647123964114e-01,1.315564929244232850e-01
2.491924854852655691e-01,3.463609677036401657e-01,4.468181941921106626e-02,1.019843286215458278e-01,6.511302046251932207e-01,5.050953025332680646e-01
2.948728405977524281e-01,8.061229022369915675e-01,6.065613647123964114e-01,6.511302046251932207e-01,5.148185337234820746e-01,2.911058682467649872e-01
5.410428008964651703e-01,3.045527234452048426e-01,1.315564929244232850e-01,5.050953025332680646e-01,2.911058682467649872e-01,8.292917279855120949e-01
