8.013835304551886196e-01,8.629224125402801260e-01,4.681552890872393569e-01,7.431161378063235734e-01,1.894614528480140780e-01,6.012057336748117820e-01
8.629224125402801260e-01,6.710712674799712563e-01,6.428016198376464985e-01,4.557267683814357206e-01,3.684080056793667679e-01,2.796172893135718818e-01
4.681552890872393569e-01,6.428016198376464985e-01,2.367528101388338690e-02,7.832268444839014521e-01,5.055137436364525172e-01,1.792972951973403339e-01
7.431161378063235734e-01,4.557267683814357206e-01,7.832268444839014521e-01,5.338375844082177135e-02,2.002666361801558881e-01,8.870777409129310120e-02
1.894614528480140780e-01,3.684080056793667679e-01,5.055137436364525172e-01,2.002666361801558881e-01,8.968055135632005959e-01,5.100538225405424342e-01
6.012057336748117820e-01,2.796172893135718818e-01,1.792972951973403339e-01,8.870777409129310120e-02,5.100538225405424342e-01,7.624650934073716746e-01
