1.499762655795278121e-02,7.170885570631129191e-01,5.764821143053175945e-01,2.322019698059232251e-01,3.551350193638079800e-01,7.775271987784387884e-01
7.170885570631129191e-01,8.203756371393328140e-01,7.635534688309336682e-01,3.594438521458195868e-01,1.488592571452256319e-01,9.573945555722238598e-01
5.764821143053175945e-01,7.635534688309336682e-01,8.477419593467638848e-02,4.646071418146374699e-01,5.331656213093812768e-01,3.368824151172061243e-01
2.322019698059232251e-01,3.594438521458195868e-01,4.646071418146374699e-01,1.327259881960698440e-01,5.101948879337538933e-01,7.617376144117706804e-01
3.551350193638079800e-01,1.488592571452256319e-01,5.331656213093812768e-01,5.101948879337538933e-01,4.947143592422514891e-01,6.952045744259400806e-01
7.775271987784387884e-01,9.573945555722238598e-01,3.368824151172061243e-01,7.617376144117706804e-01,6.952045744259400806e-01,5.186704718893675459e-02
