1.156067059970055100e-01,6.496086148804595117e-01,4.412824591603075053e-01,1.264836520288079580e-01,5.864266312328511033e-01,4.796397867185711039e-01
6.496086148804595117e-01,5.191704210405401199e-02,4.380426657321452866e-01,8.405938070233784920e-01,4.169907285323800061e-01,5.859686837231721235e-01
4.412824591603075053e-01,4.380426657321452866e-01,5.451714875027521279e-01,9.715306942469020823e-02,8.607214826536369046e-01,7.437645357082931508e-01
1.264836520288079580e-01,8.405938070233784920e-01,9.715306942469020823e-02,8.373781090181254827e-01,3.991478617420999297e-01,2.606516965379688244e-01
5.864266312328511033e-01,4.169907285323800061e-01,8.607214826536369046e-01,3.991478617420999297e-01,2.423228329362803191e-01,2.896166911676068545e-01
4.796397867185711039e-01,5.859686837231721235e-01,7.437645357082931508e-01,2.606516965379688244e-01,2.896166911676068545e-01,5.529459774650179460e-01
