4.760802605084613059e-02,9.174837762428296184e-01,2.841742906068828733e-01,4.612120120848112181e-01,5.349913411279543229e-01,4.634383463202961795e-01
9.174837762428296184e-01,3.025705352489219679e-01,4.618955122001203173e-01,4.241255384012386220e-01,4.501277680681942117e-01,7.016997177194108648e-01
2.841742906068828733e-01,4.618955122001203173e-01,6.707489981503688137e-01,7.220944029225249139e-01,1.132782903900400040e-01,5.634428691674683298e-01
4.612120120848112181e-01,4.241255384012386220e-01,7.220944029225249139e-01,2.888734385033131513e-02,5.668885274380530692e-01,5.784611051969738016e-01
5.349913411279543229e-01,4.501277680681942117e-01,1.132782903900400040e-01,5.668885274380530692e-01,3.919814885815391392e-01,6.180896010744185709e-01
4.634383463202961795e-01,7.016997177194108648e-01,5.634428691674683298e-01,5.784611051969738016e-01,6.180896010744185709e-01,5.556847380412507365e-01
