4.048698147198993569e-01,6.598968295849561017e-01,4.495995099709818588e-01,5.949221577914445280e-01,5.766994891165848625e-01,2.880209651925717540e-01,5.816913482632364296e-01
6.598968295849561017e-01,3.550282340057068220e-01,8.321812910607355729e-01,5.675701401223941511e-01,3.216677955575711900e-01,2.414840988885624262e-01,5.480358607050948017e-01
4.495995099709818588e-01,8.321812910607355729e-01,4.307820263325699006e-01,7.829034028992023497e-01,3.200200211977859421e-01,2.665348208459416557e-01,2.290913367221702468e-01
5.949221577914445280e-01,5.675701401223941511e-01,7.829034028992023497e-01,8.836254257935394207e-01,6.276385350068279800e-01,7.407836785485970577e-01,5.424704499686855419e-01
5.766994891165848625e-01,3.216677955575711900e-01,3.200200211977859421e-01,6.276385350068279800e-01,2.471716183323029448e-01,7.839329596110986564e-01,3.916995858965488519e-01
2.880209651925717540e-01,2.414840988885624262e-01,2.665348208459416557e-01,7.407836785485970577e-01,7.839329596110986564e-01,9.264209176148726632e-01,1.091366353708914660e-01
5.816913482632364296e-01,5.480358607050948017e-01,2.290913367221702468e-01,5.424704499686855419e-01,3.916995858965488519e-01,1.091366353708914660e-01,6.357702656297767874e-01
