8.605549130554748238e-01,6.129875992707950472e-02,6.467904711224858882e-01,7.590275276064968324e-01,2.502255646698056668e-01,3.450839789876132824e-01,5.256300526590826916e-01
6.129875992707950472e-02,1.867105267556586901e-01,4.368952438486902734e-01,2.401527240450629930e-01,4.994752775799793376e-01,2.532631640320282540e-01,1.095263505874505827e-01
6.467904711224858882e-01,4.368952438486902734e-01,3.912180344024611678e-01,9.193554040476148437e-01,4.054685581521687565e-01,4.105233754152636805e-01,7.216828816021412241e-01
7.590275276064968324e-01,2.401527240450629930e-01,9.193554040476148437e-01,2.336279008355690578e-01,5.533162053980164030e-01,9.056171981304859120e-01,4.871344780516960737e-01
2.502255646698056668e-01,4.994752775799793376e-01,4.054685581521687565e-01,5.533162053980164030e-01,3.396078294689389709e-01,6.544089617535081560e-02,5.126215525028752218e-01
3.450839789876132824e-01,2.532631640320282540e-01,4.105233754152636805e-01,9.056171981304859120e-01,6.544089617535081560e-02,3.884541720810947840e-01,5.680323505306938969e-01
5.256300526590826916e-01,1.095263505874505827e-01,7.216828816021412241e-01,4.871344780516960737e-01,5.126215525028752218e-01,5.680323505306938969e-01,6.648352962763204310e-02
