9.184845043092370043e-01,6.972122369647471007e-01,5.489817849541864803e-01,7.251128809851646873e-01,6.398914659242970204e-01,4.929928791694088708e-01
6.972122369647471007e-01,1.226426243701788099e-01,2.565927716827929861e-01,5.504883929370082418e-01,2.726288300796893549e-01,5.362928725030946531e-01
5.489817849541864803e-01,2.565927716827929861e-01,7.388913447475636831e-01,1.517245577306326476e-01,5.631364203341910901e-01,3.356916755896315885e-01
7.251128809851646873e-01,5.504883929370082418e-01,1.517245577306326476e-01,3.439923172034398124e-02,4.387553454521788132e-01,7.588132321847529393e-01
6.398914659242970204e-01,2.726288300796893549e-01,5.631364203341910901e-01,4.387553454521788132e-01,3.177213877081097593e-01,3.865859049009430781e-01
4.929928791694088708e-01,5.362928725030946531e-01,3.356916755896315885e-01,7.588132321847529393e-01,3.865859049009430781e-01,2.212729748530993801e-01
