7.983047444470170451e-02,3.683778726060897291e-01,2.950289666827607404e-01,2.314340229400394522e-01,5.452114272116734828e-01,4.360761399797125626e-01,6.387141559811992941e-01
3.683778726060897291e-01,9.283511817098940577e-01,8.803852380136509836e-01,3.155176547801119002e-01,5.631002888527647521e-01,4.336001626286724031e-01,5.751061032493465230e-01
2.950289666827607404e-01,8.803852380136509836e-01,7.292271020579591534e-01,2.882178014419438106e-01,1.575840930682440577e-01,2.362134775750986404e-01,2.639796305197298909e-01
2.314340229400394522e-01,3.155176547801119002e-01,2.882178014419438106e-01,3.808520115378647430e-01,6.396196929252837560e-01,5.404768263028136843e-01,7.244209546232556196e-01
5.452114272116734828e-01,5.631002888527647521e-01,1.575840930682440577e-01,6.396196929252837560e-01,3.749899952443895845e-01,4.312930812954239301e-01,3.535902911626416234e-01
4.360761399797125626e-01,4.336001626286724031e-01,2.362134775750986404e-01,5.404768263028136843e-01,4.312930812954239301e-01,9.022311767258579529e-01,3.918495746805148450e-01
6.387141559811992941e-01,5.751061032493465230e-01,2.639796305197298909e-01,7.244209546232556196e-01,3.535902911626416234e-01,3.918495746805148450e-01,6.747729253002854310e-01
