9.763481464195418180e-01,4.511008586221248451e-01,2.022267450298898539e-01,4.400212985324084558e-01,4.710313879982969132e-01,6.115541574936138591e-01,7.800053914387780063e-01
4.511008586221248451e-01,2.034769480217706317e-01,1.942076430866490067e-01,5.207957798074043243e-01,3.192434536846873172e-01,8.994529897514433880e-01,4.920473222992165496e-01
2.022267450298898539e-01,1.942076430866490067e-01,9.450217132244722595e-01,4.890586492196609680e-01,4.140897996147263060e-01,4.656834824041095056e-01,1.765725899766507623e-01
4.400212985324084558e-01,5.207957798074043243e-01,4.890586492196609680e-01,2.963992447995184021e-01,6.268166766030817127e-01,7.158635798009971296e-01,5.773313081576307848e-01
4.710313879982969132e-01,3.192434536846873172e-01,4.140897996147263060e-01,6.268166766030817127e-01,2.597367032598013603e-01,3.519681824428863015e-01,8.159024088805846286e-01
6.115541574936138591e-01,8.994529897514433880e-01,4.656834824041095056e-01,7.158635798009971296e-01,3.519681824428863015e-01,5.104533002520277307e-01,1.479180797460078467e-01
7.800053914387780063e-01,4.920473222992165496e-01,1.765725899766507623e-01,5.773313081576307848e-01,8.159024088805846286e-01,1.479180797460078467e-01,6.634597149840061325e-01
