6.517545805183733165e-01,3.171222702384937087e-01,1.513633269419965011e-01,4.909947423117886900e-01,5.756475479529392647e-01,1.769464697512311835e-01
3.171222702384937087e-01,7.297386657201866411e-01,6.760591742147077365e-01,7.098187636761330577e-01,3.110520674574001609e-01,3.527220432669287420e-01
1.513633269419965011e-01,6.760591742147077365e-01,8.974630714769316064e-01,5.379793189778103724e-01,5.095759947193012618e-01,5.369871131695901356e-01
4.909947423117886900e-01,7.098187636761330577e-01,5.379793189778103724e-01,1.714516719958217861e-01,7.455649280108265220e-01,5.279440526142122891e-01
5.756475479529392647e-01,3.110520674574001609e-01,5.095759947193012618e-01,7.455649280108265220e-01,5.455757778071006481e-01,7.538115488842347389e-01
1.769464697512311835e-01,3.527220432669287420e-01,5.369871131695901356e-01,5.279440526142122891e-01,7.538115488842347389e-01,6.619446702858812204e-01
