7.258068841818998695e-01,3.696487857149444722e-01,1.442425068237342400e-01,8.413926642412328238e-01,3.594376830096309150e-01,9.069804899903310957e-01
3.696487857149444722e-01,6.967817945169570981e-01,1.519302765124831422e-01,5.920322326903859622e-01,4.469059782040518125e-01,5.728611141203909796e-01
1.442425068237342400e-01,1.519302765124831422e-01,7.123590695255177518e-02,5.887813602413802805e-01,5.336134354614086028e-01,4.553470097649142123e-01
8.413926642412328238e-01,5.920322326903859622e-01,5.887813602413802805e-01,5.167032169743887016e-01,4.458266163885022948e-01,3.719548674323074899e-01
3.594376830096309150e-01,4.469059782040518125e-01,5.336134354614086028e-01,4.458266163885022948e-01,5.307391398935551452e-01,6.928542075823300728e-01
9.069804899903310957e-01,5.728611141203909796e-01,4.553470097649142123e-01,3.719548674323074899e-01,6.928542075823300728e-01,2.336220605211565271e-01
