4.089213883794891036e-01,5.482336576299832176e-01,7.806107925939587133e-01,5.411881831616368599e-01,3.232389975642935842e-01,3.918911687209157280e-01,8.644606579770001131e-01
5.482336576299832176e-01,3.089681574128497754e-01,2.791773383063863578e-01,7.660038919751931408e-01,3.730207284358496578e-01,8.149779545001445413e-01,6.733034763279471813e-01
7.806107925939587133e-01,2.791773383063863578e-01,3.766297567565632942e-01,5.300467812151408165e-01,4.162816838430496436e-01,9.198388346557868633e-01,4.573128364078419827e-01
5.411881831616368599e-01,7.660038919751931408e-01,5.300467812151408165e-01,2.041400865117469765e-01,3.509428334834946428e-01,4.840000340649138200e-01,1.792869380652853950e-01
3.232389975642935842e-01,3.730207284358496578e-01,4.162816838430496436e-01,3.509428334834946428e-01,2.968886203449973005e-01,4.102582197203904490e-01,4.995961257295674640e-01
3.918911687209157280e-01,8.149779545001445413e-01,9.198388346557868633e-01,4.840000340649138200e-01,4.102582197203904490e-01,5.991903176832139577e-01,2.844048214918340478e-01
8.644606579770001131e-01,6.733034763279471813e-01,4.573128364078419827e-01,1.792869380652853950e-01,4.995961257295674640e-01,2.844048214918340478e-01,5.658557201154732486e-01
