9.313397959534142068e-02,5.993809491377747323e-01,6.639235492134049066e-01,1.668034030268625290e-01,6.520109390575772323e-01,4.872452551594304015e-01
5.993809491377747323e-01,7.995183454431137315e-01,4.411603561094000758e-01,5.748764754436656021e-01,7.345753607185767642e-01,2.215395114506465979e-01
6.639235492134049066e-01,4.411603561094000758e-01,7.205474182744169287e-01,6.141361959911906254e-01,4.821427875170481436e-01,5.223789280184909511e-01
1.668034030268625290e-01,5.748764754436656021e-01,6.141361959911906254e-01,7.713967326655412071e-01,2.376370285592124820e-01,4.083170656037293789e-01
6.520109390575772323e-01,7.345753607185767642e-01,4.821427875170481436e-01,2.376370285592124820e-01,4.704773462409147511e-01,1.699351946783398404e-01
4.872452551594304015e-01,2.215395114506465979e-01,5.223789280184909511e-01,4.083170656037293789e-01,1.699351946783398404e-01,5.860519616327281023e-01
