6.068238750180194874e-01,7.747826440503129408e-01,9.540388558326190482e-02,1.616809294016167686e-01,5.700613956524205328e-01,3.877138691186125530e-01
7.747826440503129408e-01,1.463233583180655328e-01,5.951024287352959519e-01,6.757325818364798842e-01,6.767190851181317246e-01,6.315941105779617759e-01
9.540388558326190482e-02,5.951024287352959519e-01,4.848488761196623198e-01,6.721426138876228640e-01,5.663679703042684421e-01,2.335463062391959221e-01
1.616809294016167686e-01,6.757325818364798842e-01,6.721426138876228640e-01,9.568445916282394270e-01,7.607128713427222522e-01,3.996414718891886930e-01
5.700613956524205328e-01,6.767190851181317246e-01,5.663679703042684421e-01,7.607128713427222522e-01,3.669632387368839677e-01,4.484663614209686289e-01
3.877138691186125530e-01,6.315941105779617759e-01,2.335463062391959221e-01,3.996414718891886930e-01,4.484663614209686289e-01,4.850587732991807899e-01
