4.066464152496999107e-01,2.754277437725146105e-01,7.653990382094231215e-01,4.089106539023419917e-01,2.776411655014363045e-01,8.946916661831044726e-02,3.338243881422316428e-01
2.754277437725146105e-01,9.586243976290536040e-01,5.839583116791046136e-01,2.155424382631503377e-01,7.101103069032130843e-01,3.882119667182149514e-01,1.808235381598167213e-01
7.653990382094231215e-01,5.839583116791046136e-01,6.230263679033076762e-01,9.160468915092272457e-01,5.172161584352739094e-01,5.660827040933602561e-01,3.434081613575202252e-01
4.089106539023419917e-01,2.155424382631503377e-01,9.160468915092272457e-01,4.932261695933379819e-01,6.211406931582215130e-01,7.477920537566309367e-01,8.938953180169901813e-01
2.776411655014363045e-01,7.101103069032130843e-01,5.172161584352739094e-01,6.211406931582215130e-01,3.655001518797514892e-01,5.027176064869727234e-01,6.045910650845549572e-01
8.946916661831044726e-02,3.882119667182149514e-01,5.660827040933602561e-01,7.477920537566309367e-01,5.027176064869727234e-01,7.270478428563749151e-01,4.339684057718629084e-01
3.338243881422316428e-01,1.808235381598167213e-01,3.434081613575202252e-01,8.938953180169901813e-01,6.045910650845549572e-01,4.339684057718629084e-01,3.654879600366854886e-01
