3.899684267213351374e-01,3.500830488961567122e-01,4.328578120376488925e-01,5.650549842898731079e-01,7.106292754554559554e-01,4.280974176279859211e-01
3.500830488961567122e-01,3.457585447809008450e-02,5.760129714312693938e-01,6.354738493846183722e-01,2.418892647297646858e-01,5.743669339545414143e-01
4.328578120376488925e-01,5.760129714312693938e-01,6.266268206134100183e-01,4.587134795594890457e-01,5.386370221040349682e-01,6.402344621260223079e-01
5.650549842898731079e-01,6.354738493846183722e-01,4.587134795594890457e-01,2.395223665510445299e-01,3.784121669205434690e-01,8.109548828034438550e-01
7.106292754554559554e-01,2.418892647297646858e-01,5.386370221040349682e-01,3.784121669205434690e-01,2.601025017365553582e-01,5.650082687751566413e-01
4.280974176279859211e-01,5.743669339545414143e-01,6.402344621260223079e-01,8.109548828034438550e-01,5.650082687751566413e-01,8.066335652170153470e-01
