6.359819415732094194e-01,5.102957166461685734e-01,5.641569971038769005e-01,3.545446055707322519e-01,3.774093919860661561e-01,8.976604696128009930e-01,2.663393649266210805e-01
5.102957166461685734e-01,5.440839712634093495e-03,3.321884465844384682e-01,7.174401089646151863e-01,9.080640777375106332e-01,2.841779664020768204e-01,1.010802582737593824e-01
5.641569971038769005e-01,3.321884465844384682e-01,8.662329873153914450e-01,6.077121944748141713e-01,4.881869913197433575e-01,5.606853032526530889e-01,5.058164727294374163e-01
3.545446055707322519e-01,7.174401089646151863e-01,6.077121944748141713e-01,9.038047460859864879e-01,4.662415833202807613e-01,7.350124668448314580e-01,2.910211119468875673e-01
3.774093919860661561e-01,9.080640777375106332e-01,4.881869913197433575e-01,4.662415833202807613e-01,7.196039718640128147e-01,6.208073570958765330e-01,4.146745749375411738e-01
8.976604696128009930e-01,2.841779664020768204e-01,5.606853032526530889e-01,7.350124668448314580e-01,6.208073570958765330e-01,7.950255028989017259e-02,9.463936535927108817e-01
2.663393649266210805e-01,1.010802582737593824e-01,5.058164727294374163e-01,2.910211119468875673e-01,4.146745749375411738e-01,9.463936535927108817e-01,2.290188351608638540e-01
