9.208409654263103317e-01,6.449861001007978212e-01,3.483887479887330385e-01,2.553566610944048576e-01,4.969953520752424247e-01,3.833265698634040763e-01
6.449861001007978212e-01,5.585321303215962097e-02,6.540138905690158211e-01,2.045537718928190918e-01,1.618747001568531796e-01,1.011592259366729252e-01
3.483887479887330385e-01,6.540138905690158211e-01,5.810923518648998254e-01,2.542239539958990324e-01,5.188307523177837499e-01,6.203143637533925503e-01
2.553566610944048576e-01,2.045537718928190918e-01,2.542239539958990324e-01,4.955966403561655742e-01,4.932245836274989359e-01,5.754303871863388764e-01
4.969953520752424247e-01,1.618747001568531796e-01,5.188307523177837499e-01,4.932245836274989359e-01,6.935262114721535420e-01,1.602688044482642460e-01
3.833265698634040763e-01,1.011592259366729252e-01,6.203143637533925503e-01,5.754303871863388764e-01,1.602688044482642460e-01,6.015289171820717984e-01
