2.612569996975947495e-01,3.082340505170925171e-01,2.409586940754479545e-01,3.868518827047506270e-01,3.519478175176286583e-01,7.209793515091297289e-01
3.082340505170925171e-01,1.350217073937000078e-01,4.599193567550319828e-01,6.551111143006784765e-01,6.120286624854746060e-01,5.936202392430758312e-01
2.409586940754479545e-01,4.599193567550319828e-01,8.015753345847775879e-01,6.061765868449036088e-01,6.025223708905264042e-01,2.492062104860095495e-01
3.868518827047506270e-01,6.551111143006784765e-01,6.061765868449036088e-01,6.218890646258782295e-01,3.765310511375778435e-01,1.397239753881250879e-01
3.519478175176286583e-01,6.120286624854746060e-01,6.025223708905264042e-01,3.765310511375778435e-01,9.077748092027124738e-01,3.201495383890477497e-01
7.209793515091297289e-01,5.936202392430758312e-01,2.492062104860095495e-01,1.397239753881250879e-01,3.201495383890477497e-01,6.968516636271396836e-01
