2.476464824410751220e-01,4.602849410842791977e-01,4.875870530140722914e-01,4.538581321534700952e-01,7.163192637117902217e-01,6.147122883128138815e-01
4.602849410842791977e-01,7.311471460243256226e-01,9.516696597666645108e-01,4.962550339050039172e-01,5.255784242798611228e-01,2.624326219063019550e-01
4.875870530140722914e-01,9.516696597666645108e-01,2.219861460349199511e-01,6.379320862836437289e-01,6.417586470266667398e-01,6.759727425259927092e-01
4.538581321534700952e-01,4.962550339050039172e-01,6.379320862836437289e-01,6.548095468585745094e-01,6.357711590148726888e-01,5.551234375693390177e-01
7.163192637117902217e-01,5.255784242798611228e-01,6.417586470266667398e-01,6.357711590148726888e-01,8.121809507632103964e-01,4.224164949014216353e-01
6.147122883128138815e-01,2.624326219063019550e-01,6.759727425259927092e-01,5.551234375693390177e-01,4.224164949014216353e-01,5.165861829218761914e-01
