1.355683742498736688e-02,1.902262415023541764e-01,4.425592703957734186e-01,6.257753535047471116e-01,5.648468563993062075e-01,1.436354310594422090e-01
1.902262415023541764e-01,4.236823233771702668e-01,7.284017364847950038e-01,7.509815711328988730e-01,2.553914021798681100e-01,6.168362708608601253e-01
4.425592703957734186e-01,7.284017364847950038e-01,7.183298999494460713e-01,4.183740678251312572e-01,2.978124296710198404e-01,5.478801884819136658e-01
6.257753535047471116e-01,7.509815711328988730e-01,4.183740678251312572e-01,3.391744804773664246e-01,1.375123887002576151e-01,2.777582018313338175e-01
5.648468563993062075e-01,2.553914021798681100e-01,2.978124296710198404e-01,1.375123887002576151e-01,3.760490801600384625e-01,3.525900132685649280e-01
1.436354310594422090e-01,6.168362708608601253e-01,5.478801884819136658e-01,2.777582018313338175e-01,3.525900132685649280e-01,3.789912546353746414e-02
