5.656546631000877179e-01,2.304147715930648377e-01,4.723851930017340939e-01,8.624090342251803376e-01,3.471689806488919006e-01,5.651480700943832813e-01
2.304147715930648377e-01,3.448660967145708023e-01,5.038081234238128703e-01,5.001197287831531391e-01,8.325560801539799716e-01,4.915883789851150376e-01
4.723851930017340939e-01,5.038081234238128703e-01,6.049291034847852355e-01,6.561590690293714889e-01,6.096137303003450469e-01,4.887679749449300726e-01
8.624090342251803376e-01,5.001197287831531391e-01,6.561590690293714889e-01,6.897650604172106403e-01,5.578941057133079973e-01,5.314276394518524516e-01
3.471689806488919006e-01,8.325560801539799716e-01,6.096137303003450469e-01,5.578941057133079973e-01,8.844265393599324288e-01,7.426221929815703948e-01
5.651480700943832813e-01,4.915883789851150376e-01,4.887679749449300726e-01,5.314276394518524516e-01,7.426221929815703948e-01,2.545507803227347043e-01
