7.539505685629394049e-01,5.615651906953835759e-01,4.250283843957959884e-01,5.277377301381780406e-01,6.064645528446181988e-01,5.043283771878304123e-01
5.615651906953835759e-01,6.010276128889731062e-01,6.348177749709837947e-01,3.655081428925825437e-01,8.168943333397170603e-01,6.137999348337475070e-01
4.250283843957959884e-01,6.348177749709837947e-01,6.944919322344538237e-01,4.517409547118714230e-01,5.936698979572321289e-01,6.421069688679952314e-01
5.277377301381780406e-01,3.655081428925825437e-01,4.517409547118714230e-01,3.871092719351781897e-01,5.598716572520594514e-01,6.497520778719169110e-01
6.064645528446181988e-01,8.168943333397170603e-01,5.936698979572321289e-01,5.598716572520594514e-01,3.362571250562688130e-01,7.154002475557686980e-01
5.043283771878304123e-01,6.137999348337475070e-01,6.421069688679952314e-01,6.497520778719169110e-01,7.154002475557686980e-01,9.600934013338349171e-01
