5.813356980776972494e-01,4.178625569650509242e-01,4.560049913776029196e-01,6.252016916778142530e-01,8.813547607225633573e-01,6.147874332474152492e-01
4.178625569650509242e-01,1.620815387176125499e-01,3.466247899203023786e-01,7.390333493095300188e-01,9.420197486161120404e-01,2.663249960068250211e-01
4.560049913776029196e-01,3.466247899203023786e-01,5.511267801156598534e-01,6.192559756260038739e-01,5.987430214127922312e-01,9.687046522551384653e-02
6.252016916778142530e-01,7.390333493095300188e-01,6.192559756260038739e-01,7.445834261707042767e-01,7.948090142475744413e-01,3.838362897558977305e-01
8.813547607225633573e-01,9.420197486161120404e-01,5.987430214127922312e-01,7.948090142475744413e-01,8.183857683613793288e-01,8.611012984645443069e-01
6.147874332474152492e-01,2.663249960068250211e-01,9.687046522551384653e-02,3.838362897558977305e-01,8.611012984645443069e-01,2.324905447017130422e-01
