7.768484433580141735e-01,3.818694319356630840e-01,6.906493704363010355e-01,2.524702999980523166e-01,3.138092846578803274e-01,4.527889315633834011e-01
3.818694319356630840e-01,1.562620841495516721e-01,5.229701158375807957e-01,5.958946360343364557e-01,5.747680064340234818e-01,1.382370343374846322e-01
6.906493704363010355e-01,5.229701158375807957e-01,6.034350152417516933e-01,1.423796336315459321e-01,2.814347987916380744e-01,5.550621856720647784e-01
2.524702999980523166e-01,5.958946360343364557e-01,1.423796336315459321e-01,6.502425755281182607e-02,6.492992270503750163e-01,4.071813266344099236e-01
3.138092846578803274e-01,5.747680064340234818e-01,2.814347987916380744e-01,6.492992270503750163e-01,4.560577593126247109e-01,7.215637347486223430e-01
4.527889315633834011e-01,1.382370343374846322e-01,5.550621856720647784e-01,4.071813266344099236e-01,7.215637347486223430e-01,8.473907606839536921e-02
