9.038688373802689080e-01,2.735973444522703524e-01,2.806459849942582463e-01,5.748201813040265673e-01,3.953531547077077102e-01,1.440136625420607719e-01
2.735973444522703524e-01,3.876675952914302448e-01,1.743124157559655663e-01,6.585043187524268760e-01,3.907946885556927707e-01,1.717421922714622573e-01
2.806459849942582463e-01,1.743124157559655663e-01,5.853461242365685102e-01,2.789903795208927284e-01,4.595353526062941896e-01,3.981651140750532281e-01
5.748201813040265673e-01,6.585043187524268760e-01,2.789903795208927284e-01,5.756691086145505620e-01,3.461059603483826463e-01,5.327074249486252189e-01
3.953531547077077102e-01,3.907946885556927707e-01,4.595353526062941896e-01,3.461059603483826463e-01,2.240802307093818779e-01,8.469585911492687469e-01
1.440136625420607719e-01,1.717421922714622573e-01,3.981651140750532281e-01,5.327074249486252189e-01,8.469585911492687469e-01,1.219572921040442681e-01
