1.237455499675308435e-01,8.700732265596955450e-01,4.304535852459044354e-01,1.252951607364000131e-01,3.464866332658073089e-01,6.172124004086150251e-01
8.700732265596955450e-01,5.459118221993027875e-01,3.446287947098362614e-01,5.455350646578978058e-01,4.926451936172719370e-01,4.467995529957498602e-01
4.304535852459044354e-01,3.446287947098362614e-01,4.169317300645045687e-01,6.352852799406908391e-01,6.681527057124654334e-01,4.920166377030401605e-01
1.252951607364000131e-01,5.455350646578978058e-01,6.352852799406908391e-01,2.499489386486906106e-01,2.146027420597603763e-01,4.196221396551531035e-01
3.464866332658073089e-01,4.926451936172719370e-01,6.681527057124654334e-01,2.146027420597603763e-01,2.597974835789796932e-01,3.329236395720009400e-01
6.172124004086150251e-01,4.467995529957498602e-01,4.920166377030401605e-01,4.196221396551531035e-01,3.329236395720009400e-01,1.274844208719094762e-02
