9.961865658487891739e-01,4.052671426420176859e-01,6.323386028244687429e-01,4.609689742274445390e-01,2.339547532773997851e-01,7.111939280539802954e-02
4.052671426420176859e-01,6.963986177284064993e-02,6.049225544140863775e-01,5.199859116605551890e-01,6.465204551112933018e-01,8.054425101161627465e-01
6.323386028244687429e-01,6.049225544140863775e-01,5.130808423192479983e-01,3.532892425265767300e-01,5.746984940519798135e-01,6.686996032273473389e-01
4.609689742274445390e-01,5.199859116605551890e-01,3.532892425265767300e-01,1.647673882018063640e-02,6.652018393871774737e-01,5.336888650988664828e-01
2.339547532773997851e-01,6.465204551112933018e-01,5.746984940519798135e-01,6.652018393871774737e-01,5.571643555661770497e-01,2.787714695214714711e-01
7.111939280539802954e-02,8.054425101161627465e-01,6.686996032273473389e-01,5.336888650988664828e-01,2.787714695214714711e-01,6.204940871451591899e-02
