6.747134855340427562e-01,9.376149457119797859e-01,5.346962896514686481e-01,6.669734249714138752e-01,1.693853877869343494e-01,3.865344790034763167e-01
9.376149457119797859e-01,1.318729755204018916e-01,4.717613298167837033e-01,3.293709968908163366e-01,4.370465518383466197e-01,7.602969597151015835e-02
5.346962896514686481e-01,4.717613298167837033e-01,5.054212199223762081e-01,3.635929975962162719e-01,7.351916133044000823e-02,5.318836491484716378e-01
6.669734249714138752e-01,3.293709968908163366e-01,3.635929975962162719e-01,9.139029295802160169e-01,4.414574744138718976e-01,5.982598910209835363e-01
1.693853877869343494e-01,4.370465518383466197e-01,7.351916133044000823e-02,4.414574744138718976e-01,9.845797353005181218e-01,2.651208403195221552e-01
3.865344790034763167e-01,7.602969597151015835e-02,5.318836491484716378e-01,5.982598910209835363e-01,2.651208403195221552e-01,4.896677532183915105e-01
