8.456071721018920684e-03,2.373084851153051678e-01,6.061169524654499430e-01,3.049596055121854277e-01,5.090385755828368275e-01,5.242194033371091466e-01
2.373084851153051678e-01,9.724864446047176703e-02,7.955309947838933304e-01,3.942766138910852591e-01,2.222216179910025957e-01,8.781748646057953023e-01
6.061169524654499430e-01,7.955309947838933304e-01,1.970757942388738915e-01,5.581785660806302118e-01,3.822187352959480200e-01,8.616233965764554803e-01
3.049596055121854277e-01,3.942766138910852591e-01,5.581785660806302118e-01,4.750324613744234536e-01,7.528746054367728702e-01,6.948447772712551540e-01
5.090385755828368275e-01,2.222216179910025957e-01,3.822187352959480200e-01,7.528746054367728702e-01,4.766289618984287380e-02,7.157165791825360612e-01
5.242194033371091466e-01,8.781748646057953023e-01,8.616233965764554803e-01,6.948447772712551540e-01,7.157165791825360612e-01,2.036602702511290941e-01
