9.684787522910652813e-01,5.225483975146680837e-01,2.848855293062599325e-01,2.635736281070920062e-01,4.838690742673621981e-01,7.029499234726986900e-01
5.225483975146680837e-01,1.697497422438721815e-01,4.569901286948444552e-01,6.323671452581689501e-01,5.874959684762524059e-01,4.257638917774334009e-01
2.848855293062599325e-01,4.569901286948444552e-01,8.143710654858695719e-01,4.902315553907954371e-01,1.833069271687887691e-01,2.982479367455347363e-01
2.635736281070920062e-01,6.323671452581689501e-01,4.902315553907954371e-01,4.263372444161183106e-01,7.182266112803779023e-01,1.826347014179155459e-01
4.838690742673621981e-01,5.874959684762524059e-01,1.833069271687887691e-01,7.182266112803779023e-01,2.368264592589983675e-01,5.245687988222776932e-01
7.029499234726986900e-01,4.257638917774334009e-01,2.982479367455347363e-01,1.826347014179155459e-01,5.245687988222776932e-01,4.906660158945365113e-01
