3.058176579659289684e-01,2.823932670531459910e-01,8.968457619387171231e-01,4.392597021374238797e-01,7.212130744908736846e-01,4.732853972509912799e-01
2.823932670531459910e-01,4.836170143110392061e-01,3.133500165231379864e-01,4.559408087742702342e-01,7.652713753581233957e-01,6.339634807129628236e-01
8.968457619387171231e-01,3.133500165231379864e-01,4.954324665727283250e-02,8.092918331486220751e-01,9.257114805701429638e-01,4.259827722513804815e-01
4.392597021374238797e-01,4.559408087742702342e-01,8.092918331486220751e-01,7.487910194851765677e-02,4.308621318374608045e-01,6.787845127664966505e-01
7.212130744908736846e-01,7.652713753581233957e-01,9.257114805701429638e-01,4.308621318374608045e-01,2.958015672920208949e-01,5.537874064267978014e-01
4.732853972509912799e-01,6.339634807129628236e-01,4.259827722513804815e-01,6.787845127664966505e-01,5.537874064267978014e-01,6.362513853943815301e-01
