1.705848657232390542e-01,4.164530493527755506e-01,3.994609558235982516e-01,5.595926331937726150e-01,3.723109025608292155e-01,5.726366951978705266e-01
4.164530493527755506e-01,7.734678104061929460e-01,5.830995218498628008e-01,1.243781779343080540e-01,7.377481846965034951e-01,8.999468869903807233e-01
3.994609558235982516e-01,5.830995218498628008e-01,2.955748713029315855e-02,4.657928139174335458e-01,2.607523248824626938e-01,7.450623918866343676e-01
5.595926331937726150e-01,1.243781779343080540e-01,4.657928139174335458e-01,8.542253619605535420e-01,2.027654324193974844e-01,5.515971607145018218e-01
3.723109025608292155e-01,7.377481846965034951e-01,2.607523248824626938e-01,2.027654324193974844e-01,2.757764938739245553e-01,2.339410915686488401e-01
5.726366951978705266e-01,8.999468869903807233e-01,7.450623918866343676e-01,5.515971607145018218e-01,2.339410915686488401e-01,7.417118449723361095e-01
