3.285419362156071221e-01,8.586884283785376493e-01,6.428622244387192097e-01,7.430455282034786890e-01,5.266720294874329689e-01,3.684775096553502549e-01
8.586884283785376493e-01,8.276377222674542455e-01,1.890946285096164470e-01,7.910859327883288383e-01,1.664407990380103453e-01,3.484996913141503172e-01
6.428622244387192097e-01,1.890946285096164470e-01,5.892270760805322638e-01,7.629040614593953773e-01,5.348731028827601319e-01,2.590558401412549339e-01
7.430455282034786890e-01,7.910859327883288383e-01,7.629040614593953773e-01,5.397719473001941770e-01,2.083168881340807244e-01,5.972544224756359821e-01
5.266720294874329689e-01,1.664407990380103453e-01,5.348731028827601319e-01,2.083168881340807244e-01,2.234785805071414222e-01,2.850994552892368028e-01
3.684775096553502549e-01,3.484996913141503172e-01,2.590558401412549339e-01,5.972544224756359821e-01,2.850994552892368028e-01,5.326814432214058703e-01
