7.008798219237143412e-01,5.217021661005905031e-01,3.882363875305582801e-01,4.429310402697796967e-01,2.292682458400670531e-01,6.475833146630995962e-01
5.217021661005905031e-01,8.384180603480284599e-02,5.880655494675974815e-01,4.566136632542064366e-01,5.565967484628153716e-01,1.588577849082700721e-01
3.882363875305582801e-01,5.880655494675974815e-01,1.820118161527429779e-01,6.865227413671948220e-01,1.984822966687213586e-01,4.320992257431968686e-01
4.429310402697796967e-01,4.566136632542064366e-01,6.865227413671948220e-01,4.760863507740964451e-03,4.231785620385092317e-02,7.679381202530463080e-01
2.292682458400670531e-01,5.565967484628153716e-01,1.984822966687213586e-01,4.231785620385092317e-02,1.234298827918467456e-02,4.544037228673586393e-01
6.475833146630995962e-01,1.588577849082700721e-01,4.320992257431968686e-01,7.679381202530463080e-01,4.544037228673586393e-01,6.876810876324818134e-01
