4.522940502351330272e-01,6.489568836096917259e-01,1.954223320530829033e-01,7.181602871530923249e-01,1.634949996478460288e-01,6.370469288067709401e-02
6.489568836096917259e-01,2.193687570305232759e-01,2.755644896113098041e-01,5.979686747874345398e-01,2.929745334908796517e-01,8.420008357298667256e-01
1.954223320530829033e-01,2.755644896113098041e-01,1.481742580655568409e-01,4.200168287831059777e-01,3.016835775829097566e-01,6.159363898566638795e-01
7.181602871530923249e-01,5.979686747874345398e-01,4.200168287831059777e-01,1.355551709336130228e-01,3.649815375287029928e-01,9.719227962612853045e-02
1.634949996478460288e-01,2.929745334908796517e-01,3.016835775829097566e-01,3.649815375287029928e-01,6.466606714524683053e-01,8.222717210837682256e-01
6.370469288067709401e-02,8.420008357298667256e-01,6.159363898566638795e-01,9.719227962612853045e-02,8.222717210837682256e-01,9.236501670587387025e-01
