8.210966102513292952e-01,9.250580762820979075e-01,9.533082066747953220e-01,3.075053553661290517e-01,2.596938970566329830e-01,4.530517641461330736e-01
9.250580762820979075e-01,8.638743231793960531e-01,5.067469357077578618e-01,6.210675065279072093e-01,6.808997967839480747e-01,5.513816605511792091e-01
9.533082066747953220e-01,5.067469357077578618e-01,2.214734657446355559e-01,1.914322046655641540e-01,4.396538785417111739e-01,4.234121642799402729e-01
3.075053553661290517e-01,6.210675065279072093e-01,1.914322046655641540e-01,6.796722579643270645e-01,6.015398533673677051e-01,7.594526432109016678e-01
2.596938970566329830e-01,6.808997967839480747e-01,4.396538785417111739e-01,6.015398533673677051e-01,5.716587840074304205e-01,3.408609464888300855e-01
4.530517641461330736e-01,5.513816605511792091e-01,4.234121642799402729e-01,7.594526432109016678e-01,3.408609464888300855e-01,8.065536187979659433e-01
