1.373497922346306188e-01,6.372201802216936883e-01,7.693074921521132481e-01,6.268338056547237969e-01,6.886374106455215305e-01,6.971916998862902615e-01
6.372201802216936883e-01,2.465225785333923225e-01,5.095486933173296595e-01,4.911161745085104724e-01,3.261834571109755165e-01,2.072547023904964258e-01
7.693074921521132481e-01,5.095486933173296595e-01,4.277983517999162100e-01,2.752308242324310039e-01,7.522737568195134727e-01,3.782403044407574022e-01
6.268338056547237969e-01,4.911161745085104724e-01,2.752308242324310039e-01,4.719726878392634939e-01,7.167011211831935125e-01,3.915085069778635463e-01
6.886374106455215305e-01,3.261834571109755165e-01,7.522737568195134727e-01,7.167011211831935125e-01,9.762120490970240816e-01,3.087166348576322328e-01
6.971916998862902615e-01,2.072547023904964258e-01,3.782403044407574022e-01,3.915085069778635463e-01,3.087166348576322328e-01,5.460234519771225425e-01
