6.112590383430025476e-01,9.037402793999076422e-01,2.112429175883896448e-01,6.871630938896446938e-01,4.246556898216968801e-01,7.464103673174145026e-01
9.037402793999076422e-01,1.435844601621774075e-01,2.329348218184142949e-01,6.433901813298326111e-01,3.750176310964495885e-01,6.716379409943065149e-01
2.112429175883896448e-01,2.329348218184142949e-01,5.226036533603339862e-01,4.917259498738979495e-01,1.907405370266679889e-01,4.138919853281191608e-01
6.871630938896446938e-01,6.433901813298326111e-01,4.917259498738979495e-01,8.336591389960557041e-01,2.546432936145798798e-01,4.655958025241724862e-01
4.246556898216968801e-01,3.750176310964495885e-01,1.907405370266679889e-01,2.546432936145798798e-01,9.527696727921163289e-01,2.267711077586910817e-01
7.464103673174145026e-01,6.716379409943065149e-01,4.138919853281191608e-01,4.655958025241724862e-01,2.267711077586910817e-01,1.034829056066614017e-01
