6.897377740597657736e-01,5.836485651075000725e-01,4.289565809873999158e-01,3.508833815763456876e-01,4.901543660259871094e-01,2.683364826292345406e-01
5.836485651075000725e-01,6.741078905652175823e-01,3.982314289123111695e-01,6.821371232895674375e-01,2.987142958327261288e-01,2.729636258573163166e-01
4.289565809873999158e-01,3.982314289123111695e-01,2.207600497010853147e-03,7.702369914652951177e-01,5.738802122314438092e-01,5.474263699288242080e-01
3.508833815763456876e-01,6.821371232895674375e-01,7.702369914652951177e-01,5.477424032049099667e-01,1.815910778308917894e-01,6.352919743178444545e-01
4.901543660259871094e-01,2.987142958327261288e-01,5.738802122314438092e-01,1.815910778308917894e-01,1.119348415588372614e-02,3.132573082121941077e-01
2.683364826292345406e-01,2.729636258573163166e-01,5.474263699288242080e-01,6.352919743178444545e-01,3.132573082121941077e-01,1.098875059693500411e-01
