8.669930358085895516e-01,5.589445544696720614e-01,5.876869334782046650e-01,2.388838945391267843e-01,3.512429708307909793e-01,5.229291452691904318e-01
5.589445544696720614e-01,2.511160862996939525e-01,2.768263903113021840e-01,4.991748954557822526e-01,7.458871482111408824e-01,4.356925811225377254e-01
5.876869334782046650e-01,2.768263903113021840e-01,2.998712090716304512e-02,5.136591948322024592e-01,2.590817606511809923e-01,6.063828060893976524e-01
2.388838945391267843e-01,4.991748954557822526e-01,5.136591948322024592e-01,6.807021922193277064e-01,4.620054634510004643e-01,5.325237909253071056e-01
3.512429708307909793e-01,7.458871482111408824e-01,2.590817606511809923e-01,4.620054634510004643e-01,8.521872195808894990e-01,9.024067766349960218e-01
5.229291452691904318e-01,4.356925811225377254e-01,6.063828060893976524e-01,5.325237909253071056e-01,9.024067766349960218e-01,4.573828298000437442e-02
