3.628815242645777595e-01,3.325998563758364446e-01,3.549685683552421533e-01,4.751283022246517995e-01,3.678084227592484101e-01,5.142716829696766245e-01
3.325998563758364446e-01,2.826726816750089188e-01,4.474205412170395579e-01,3.671857259952945873e-01,5.709454216856746367e-01,5.450486788294848228e-01
3.549685683552421533e-01,4.474205412170395579e-01,6.199006132784786738e-01,6.910972715997071303e-01,5.974226419489043760e-01,4.685327747079283678e-01
4.751283022246517995e-01,3.671857259952945873e-01,6.910972715997071303e-01,8.760988799623882217e-01,5.776666622492954151e-01,5.573670640151640043e-01
3.678084227592484101e-01,5.709454216856746367e-01,5.974226419489043760e-01,5.776666622492954151e-01,9.966153597317856105e-01,3.170212245243597682e-01
5.142716829696766245e-01,5.450486788294848228e-01,4.685327747079283678e-01,5.573670640151640043e-01,3.170212245243597682e-01,4.796582400947984048e-01
