2.527551657681593733e-01,4.422488542702861514e-01,3.230472728867443410e-01,5.659897228678146819e-01,7.255606476038327646e-01,4.297860487581356970e-01
4.422488542702861514e-01,5.010207337668926009e-01,3.381718354932432558e-01,2.741164640490584836e-01,7.943218138231767922e-01,4.463528828802162951e-01
3.230472728867443410e-01,3.381718354932432558e-01,5.026455384090056100e-01,2.947705534415912543e-01,4.444742271517194143e-01,5.457086705000619986e-01
5.659897228678146819e-01,2.741164640490584836e-01,2.947705534415912543e-01,6.449604538247102337e-01,6.230379815437053770e-01,2.161123937149801444e-01
7.255606476038327646e-01,7.943218138231767922e-01,4.444742271517194143e-01,6.230379815437053770e-01,4.134738991999316049e-01,5.450837703511743904e-01
4.297860487581356970e-01,4.463528828802162951e-01,5.457086705000619986e-01,2.161123937149801444e-01,5.450837703511743904e-01,3.030463897927312411e-01
