9.622243878864644717e-02,8.590337409765862464e-01,1.884794878184024025e-01,6.589565369345309342e-01,3.016119732699058531e-01,3.155488855410634175e-01
8.590337409765862464e-01,7.376728362942414075e-01,6.960415255390292044e-01,5.193859979321074904e-01,8.807206031498417964e-01,4.061659293200545751e-01
1.884794878184024025e-01,6.960415255390292044e-01,3.770459630583884447e-01,4.750736167446695801e-01,7.948496771053779053e-01,5.426259697576341079e-01
6.589565369345309342e-01,5.193859979321074904e-01,4.750736167446695801e-01,6.448834463049472054e-01,7.328649590370526212e-01,3.621130594849280571e-01
3.016119732699058531e-01,8.807206031498417964e-01,7.948496771053779053e-01,7.328649590370526212e-01,7.147319788643456961e-01,3.724196582044109194e-01
3.155488855410634175e-01,4.061659293200545751e-01,5.426259697576341079e-01,3.621130594849280571e-01,3.724196582044109194e-01,9.308237675759983842e-01
