5.932742289057094665e-01,5.851785530542068514e-01,3.347842782073189305e-01,5.908986711034074357e-01,2.397481792100586984e-01,6.222492150701508518e-01,4.977329769791964953e-01
5.851785530542068514e-01,5.424534492544682562e-01,4.328898458099278979e-01,4.691588302041654335e-01,5.340047918154825490e-01,4.631582782351396088e-01,5.733807763738213437e-01
3.347842782073189305e-01,4.328898458099278979e-01,4.982461948379497407e-01,7.009245367623933021e-01,3.208314307786342967e-01,1.850579799690948990e-02,4.294653934749463886e-01
5.908986711034074357e-01,4.691588302041654335e-01,7.009245367623933021e-01,3.206538507820930750e-01,1.167121882853326964e-01,4.356192884120805298e-01,3.861333714547365847e-01
2.397481792100586984e-01,5.340047918154825490e-01,3.208314307786342967e-01,1.167121882853326964e-01,5.245861895530402608e-01,3.876200057367306107e-01,7.931824769316381252e-01
6.222492150701508518e-01,4.631582782351396088e-01,1.850579799690948990e-02,4.356192884120805298e-01,3.876200057367306107e-01,8.089966847216218948e-01,2.653194681066309291e-01
4.977329769791964953e-01,5.733807763738213437e-01,4.294653934749463886e-01,3.861333714547365847e-01,7.931824769316381252e-01,2.653194681066309291e-01,5.153868606165318278e-01
