2.469455735023252663e-01,3.355359645877446506e-01,2.864069063731842779e-01,7.051643123570223715e-01,3.441847327496175835e-01,7.110432483355177968e-01
3.355359645877446506e-01,3.223056555893273334e-01,3.207198120116169782e-01,3.650562283165512678e-01,2.427458326528415533e-01,6.099699404218685839e-01
2.864069063731842779e-01,3.207198120116169782e-01,8.988462113101058915e-01,7.342541429011687493e-01,7.267417470617507647e-01,7.739181824430161338e-01
7.051643123570223715e-01,3.650562283165512678e-01,7.342541429011687493e-01,6.676074133626738183e-01,3.948029580140633432e-01,3.593692239282734180e-01
3.441847327496175835e-01,2.427458326528415533e-01,7.267417470617507647e-01,3.948029580140633432e-01,2.805107250258564999e-01,8.853427915971288087e-01
7.110432483355177968e-01,6.099699404218685839e-01,7.739181824430161338e-01,3.593692239282734180e-01,8.853427915971288087e-01,4.493086089194257005e-01
