2.842157725924914224e-01,5.442855460880535734e-01,3.684595069695354441e-01,3.308275734856006567e-01,6.476103716663409449e-01,2.562500356123916245e-01,4.932589528236095977e-01
5.442855460880535734e-01,3.195483796371995089e-01,3.729241706036205417e-01,3.866989769604171623e-01,1.932735455537905600e-01,6.441574413996584703e-01,4.900698767779561593e-01
3.684595069695354441e-01,3.729241706036205417e-01,2.723410406824392505e-01,6.189990801819338362e-01,5.593330086417784841e-01,6.497985799829953946e-01,8.737265249629331265e-01
3.308275734856006567e-01,3.866989769604171623e-01,6.189990801819338362e-01,5.383885562657531043e-02,4.487709216598832485e-01,5.637289767540603069e-01,6.944313839145423994e-01
6.476103716663409449e-01,1.932735455537905600e-01,5.593330086417784841e-01,4.487709216598832485e-01,9.842290123317233297e-01,7.431501411298928605e-01,7.473087770046570322e-01
2.562500356123916245e-01,6.441574413996584703e-01,6.497985799829953946e-01,5.637289767540603069e-01,7.431501411298928605e-01,7.696185756133970823e-01,4.228658820719775613e-01
4.932589528236095977e-01,4.900698767779561593e-01,8.737265249629331265e-01,6.944313839145423994e-01,7.473087770046570322e-01,4.228658820719775613e-01,3.838544016848383089e-01
