9.702685440109292125e-01,4.422761037831857145e-01,9.088568534376650909e-01,3.636945793832462859e-01,4.996713801754370521e-01,5.528693652038152440e-01
4.422761037831857145e-01,9.078323068875173707e-01,7.803771683182687546e-01,2.848685370888044410e-01,1.530838605664200935e-01,2.741692336615472736e-01
9.088568534376650909e-01,7.803771683182687546e-01,4.447414850709355827e-01,8.420126415882576154e-01,1.406021624497867384e-01,1.630150555356322806e-01
3.636945793832462859e-01,2.848685370888044410e-01,8.420126415882576154e-01,8.418531239174796843e-01,3.470005662542404168e-01,1.790404800602875546e-01
4.996713801754370521e-01,1.530838605664200935e-01,1.406021624497867384e-01,3.470005662542404168e-01,8.268308042991855400e-01,7.453330150182446712e-01
5.528693652038152440e-01,2.741692336615472736e-01,1.630150555356322806e-01,1.790404800602875546e-01,7.453330150182446712e-01,5.989402239941106210e-01
