9.393986247656224142e-01,4.871759723468890302e-01,3.268887027045871418e-01,2.816455336397619136e-01,3.538085886720933604e-01,3.903250643748674142e-01
4.871759723468890302e-01,3.928075510433914896e-02,5.669696821273378928e-02,2.820833676743798590e-01,6.228249812468844571e-01,6.868981918877430370e-01
3.268887027045871418e-01,5.669696821273378928e-02,7.371632154152539806e-01,7.421967321642386484e-01,4.933607981515472085e-01,7.856803551460411761e-01
2.816455336397619136e-01,2.820833676743798590e-01,7.421967321642386484e-01,4.627397332739773272e-01,5.875009738674037418e-01,5.559959837162999907e-01
3.538085886720933604e-01,6.228249812468844571e-01,4.933607981515472085e-01,5.875009738674037418e-01,5.463856764723904469e-01,1.618648755427594677e-01
3.903250643748674142e-01,6.868981918877430370e-01,7.856803551460411761e-01,5.559959837162999907e-01,1.618648755427594677e-01,1.461247316403213592e-02
