7.920030531508278626e-01,7.723149108619949965e-01,4.172113568624110647e-01,3.893227301179943423e-01,7.374726156461918203e-01,2.999597147814445086e-01
7.723149108619949965e-01,1.180146528644681059e-01,6.934590413656334107e-01,7.687146432303375576e-01,3.879096054102260105e-01,4.472387083732955460e-01
4.172113568624110647e-01,6.934590413656334107e-01,3.965474036044064343e-01,8.802606631798064463e-01,5.102603518781897440e-01,3.737625473668387821e-01
3.893227301179943423e-01,7.687146432303375576e-01,8.802606631798064463e-01,6.051687210604228540e-01,2.169064334066118649e-01,6.692079315913064264e-01
7.374726156461918203e-01,3.879096054102260105e-01,5.102603518781897440e-01,2.169064334066118649e-01,2.458990646380904144e-01,5.347999745984416409e-02
2.999597147814445086e-01,4.472387083732955460e-01,3.737625473668387821e-01,6.692079315913064264e-01,5.347999745984416409e-02,4.671429312940700296e-01
