6.757688812120162813e-01,4.995738935490673938e-01,8.296662573972527488e-01,3.658518092046914583e-01,5.685857632211905877e-01,6.144454833241679292e-01
4.995738935490673938e-01,2.933600886767826488e-01,5.017265619121769049e-01,4.547703012908336229e-01,3.548666653388555248e-01,3.932243336742931583e-01
8.296662573972527488e-01,5.017265619121769049e-01,3.739528131483885742e-01,3.587163351626618257e-01,7.122096202727243863e-01,3.546595581151494869e-01
3.658518092046914583e-01,4.547703012908336229e-01,3.587163351626618257e-01,1.345238555472830777e-01,2.886899151252335094e-01,2.769205007533508400e-01
5.685857632211905877e-01,3.548666653388555248e-01,7.122096202727243863e-01,2.886899151252335094e-01,8.245709455802791021e-01,5.570039532529684756e-01
6.144454833241679292e-01,3.932243336742931583e-01,3.546595581151494869e-01,2.769205007533508400e-01,5.570039532529684756e-01,4.349421128139931980e-01
