6.435072169385189778e-01,5.705606833527112620e-01,3.209637954211047584e-01,8.212481312449959603e-02,7.274454022248736385e-01,5.813473287424197888e-01
5.705606833527112620e-01,8.620049408030553417e-01,8.932408216381222399e-01,3.153390854890881223e-01,7.946964358395929295e-01,4.200561089591684505e-01
3.209637954211047584e-01,8.932408216381222399e-01,5.520996479939265233e-01,7.235960233119848040e-01,6.118858829520747999e-01,4.286565004665947032e-01
8.212481312449959603e-02,3.153390854890881223e-01,7.235960233119848040e-01,9.929989174801323593e-02,6.178406550642532302e-01,1.174575741450511468e-01
7.274454022248736385e-01,7.946964358395929295e-01,6.118858829520747999e-01,6.178406550642532302e-01,7.104566838464372314e-01,4.053825647120462561e-01
5.813473287424197888e-01,4.200561089591684505e-01,4.286565004665947032e-01,1.174575741450511468e-01,4.053825647120462561e-01,7.018255487389783998e-01
