9.889666599730998486e-01,4.838025340205722724e-01,6.158867276052839568e-01,7.990513578895073188e-01,7.467461744600139006e-01,5.041209502417358657e-01
4.838025340205722724e-01,7.596151271081394984e-01,3.668781368450205749e-01,4.034403891230027850e-01,4.518252657710922215e-01,4.545034439803887216e-01
6.158867276052839568e-01,3.668781368450205749e-01,7.331324075946871188e-01,6.469124252782275653e-01,7.174431924944906225e-01,5.118342753557458824e-01
7.990513578895073188e-01,4.034403891230027850e-01,6.469124252782275653e-01,3.239117029256692870e-01,3.222411103795566056e-01,8.984151447111652367e-01
7.467461744600139006e-01,4.518252657710922215e-01,7.174431924944906225e-01,3.222411103795566056e-01,6.521406518940996433e-01,4.253254533025608852e-01
5.041209502417358657e-01,4.545034439803887216e-01,5.118342753557458824e-01,8.984151447111652367e-01,4.253254533025608852e-01,8.452736285448620990e-01
