9.844992187836174580e-01,4.207387759708773323e-01,3.791465978558982708e-01,7.068157969990159772e-01,3.530067707793249077e-01,8.465798229611227743e-01
4.207387759708773323e-01,7.403426745259755748e-01,6.064525827266260549e-01,4.502134990169036066e-01,4.102368953700247789e-01,5.010580858547044603e-01
3.791465978558982708e-01,6.064525827266260549e-01,9.379098905434983813e-01,4.060796199819363128e-01,7.430483683896933478e-01,4.319096547874246017e-01
7.068157969990159772e-01,4.502134990169036066e-01,4.060796199819363128e-01,1.947737024611446710e-01,1.016915347870253061e-01,4.865975223626967106e-01
3.530067707793249077e-01,4.102368953700247789e-01,7.430483683896933478e-01,1.016915347870253061e-01,6.064192398295306097e-01,3.187452629965979445e-01
8.465798229611227743e-01,5.010580858547044603e-01,4.319096547874246017e-01,4.865975223626967106e-01,3.187452629965979445e-01,8.724275024896399611e-02
