2.342262988684793434e-01,4.503526868739721745e-01,3.954374387018320114e-01,3.321786237053768742e-01,4.802382873620093529e-01,9.485530067990145531e-01,4.666654780524588375e-01
4.503526868739721745e-01,2.044722945384145341e-01,8.269817126549625641e-01,1.509910460471578508e-01,4.841106115574546620e-01,4.170888053591084166e-01,7.431661563413005656e-01
3.954374387018320114e-01,8.269817126549625641e-01,6.024343097252113921e-01,5.266190013574431061e-01,6.370147600104306695e-01,2.257193113599388901e-01,4.819998281624542358e-01
3.321786237053768742e-01,1.509910460471578508e-01,5.266190013574431061e-01,8.420934738027155975e-01,7.400834600575946221e-01,5.030351822444878440e-01,5.176588447248988700e-01
4.802382873620093529e-01,4.841106115574546620e-01,6.370147600104306695e-01,7.400834600575946221e-01,3.449196745234945904e-01,5.818688567038639015e-01,2.886157178227108933e-01
9.485530067990145531e-01,4.170888053591084166e-01,2.257193113599388901e-01,5.030351822444878440e-01,5.818688567038639015e-01,5.014099860897724970e-01,6.671370819542374875e-01
4.666654780524588375e-01,7.431661563413005656e-01,4.819998281624542358e-01,5.176588447248988700e-01,2.886157178227108933e-01,6.671370819542374875e-01,1.835517097260976893e-01
