5.719577180492827484e-01,6.345217028261991299e-01,7.373938207767778419e-01,1.843976621022516138e-01,2.495320377249733435e-01,1.531958753980590116e-01,7.831815592984419094e-01
6.345217028261991299e-01,5.645579098916732042e-01,6.918995562572626268e-01,9.473532570916420870e-02,1.749465816050709277e-01,6.123416085893121918e-01,6.199291392338546203e-01
7.373938207767778419e-01,6.918995562572626268e-01,5.690162075348033088e-01,6.178271777431597611e-01,4.653949323175705088e-01,1.875186216827028352e-01,2.058879560372544604e-01
1.843976621022516138e-01,9.473532570916420870e-02,6.178271777431597611e-01,9.004990701464332670e-01,7.902623917923925490e-01,3.511715760618714377e-01,6.538916264230503206e-01
2.495320377249733435e-01,1.749465816050709277e-01,4.653949323175705088e-01,7.902623917923925490e-01,5.000699475473644462e-01,7.685257017415123570e-01,1.497691104208698776e-01
1.531958753980590116e-01,6.123416085893121918e-01,1.875186216827028352e-01,3.511715760618714377e-01,7.685257017415123570e-01,3.238645850752610578e-01,7.846250892007700095e-01
7.831815592984419094e-01,6.199291392338546203e-01,2.058879560372544604e-01,6.538916264230503206e-01,1.497691104208698776e-01,7.846250892007700095e-01,9.025244555242306621e-01
