4.972281516840444393e-01,5.686049383323797946e-01,3.955394962506927903e-01,3.720668714948041633e-01,7.694014855531120523e-01,5.866975686571636039e-01
5.686049383323797946e-01,1.875424789029795924e-01,4.981633068958251087e-01,5.440883237008078410e-01,3.553525704265679819e-01,5.768441756226684314e-01
3.955394962506927903e-01,4.981633068958251087e-01,4.460860851008553452e-01,4.239889948092453453e-01,3.990840909439711814e-01,3.934772806978375503e-01
3.720668714948041633e-01,5.440883237008078410e-01,4.239889948092453453e-01,2.623092580817335540e-01,2.593361070824297121e-01,6.877631046750838362e-01
7.694014855531120523e-01,3.553525704265679819e-01,3.990840909439711814e-01,2.593361070824297121e-01,4.521274173692473308e-01,6.249495483553315633e-01
5.866975686571636039e-01,5.768441756226684314e-01,3.934772806978375503e-01,6.877631046750838362e-01,6.249495483553315633e-01,4.900652903033229091e-01
