2.393393696209120680e-01,3.635413502873894309e-01,3.190338771428006259e-01,7.697818429617371283e-01,4.358007422962047461e-01,3.905171770368718320e-01
3.635413502873894309e-01,1.244670745080833640e-03,5.143133308279719262e-01,2.369580476644321254e-01,2.063296284560510729e-01,3.595335886336391562e-01
3.190338771428006259e-01,5.143133308279719262e-01,4.495971674159103815e-01,4.991609681457595538e-01,6.572498964305342195e-01,8.214525821032290231e-01
7.697818429617371283e-01,2.369580476644321254e-01,4.991609681457595538e-01,2.561695145391147399e-01,3.787428010012341972e-01,2.651850356093540806e-01
4.358007422962047461e-01,2.063296284560510729e-01,6.572498964305342195e-01,3.787428010012341972e-01,9.652338353876696031e-01,2.866909484644480921e-01
3.905171770368718320e-01,3.595335886336391562e-01,8.214525821032290231e-01,2.651850356093540806e-01,2.866909484644480921e-01,3.926424726815920252e-01
