2.705916006936550655e-01,8.844228747015632219e-01,3.899378981473478056e-01,5.772008773719832231e-01,3.380421179949930632e-01,7.423621783208204095e-01,4.093904936876364142e-01
8.844228747015632219e-01,3.214554411569586767e-01,5.692487734571962665e-01,1.173986691038900188e-01,1.215057223024873512e-01,3.521463343273015245e-01,3.995742133977812638e-01
3.899378981473478056e-01,5.692487734571962665e-01,3.726978399221719807e-01,1.744758531614184482e-01,7.358369656411412052e-01,6.393892165539901695e-01,5.979935824551438905e-01
5.772008773719832231e-01,1.173986691038900188e-01,1.744758531614184482e-01,1.152292862532237061e-01,6.544653019613717593e-01,7.424910769679331501e-01,1.545430363708078514e-01
3.380421179949930632e-01,1.215057223024873512e-01,7.358369656411412052e-01,6.544653019613717593e-01,2.559469109086603966e-01,5.131905534075301700e-01,9.236128867099694384e-01
7.423621783208204095e-01,3.521463343273015245e-01,6.393892165539901695e-01,7.424910769679331501e-01,5.131905534075301700e-01,5.760868273110290039e-01,3.544334143055224429e-01
4.093904936876364142e-01,3.995742133977812638e-01,5.979935824551438905e-01,1.545430363708078514e-01,9.236128867099694384e-01,3.544334143055224429e-01,4.048046603933621590e-01
