8.881203435019768833e-01,5.707957985126697054e-01,6.240240414627984400e-01,4.961475305543521230e-01,9.070449142112245733e-01,2.831651046452241527e-01
5.707957985126697054e-01,7.941824910801054127e-02,3.168974005942843952e-01,7.826670891246954032e-01,3.721129817778603410e-01,5.441813569807585349e-01
6.240240414627984400e-01,3.168974005942843952e-01,3.749419510377889342e-01,9.238970069312173461e-01,3.397095276269023190e-01,5.310806467782658302e-01
4.961475305543521230e-01,7.826670891246954032e-01,9.238970069312173461e-01,7.215385318571417850e-01,8.685698793357723435e-01,5.414641082061872890e-01
9.070449142112245733e-01,3.721129817778603410e-01,3.397095276269023190e-01,8.685698793357723435e-01,9.916530457175509738e-02,1.661440680306489059e-01
2.831651046452241527e-01,5.441813569807585349e-01,5.310806467782658302e-01,5.414641082061872890e-01,1.661440680306489059e-01,4.130066775157625880e-01
