9.204080790037033610e-01,5.680318290655521629e-01,7.589765211951277069e-01,6.290293769426625881e-01,1.715275072937581524e-01,4.022177080790116932e-01
5.680318290655521629e-01,1.671617625915964300e-01,2.001598236704213440e-01,4.356147923890559825e-01,5.668745161575186042e-01,1.924079809499722460e-01
7.589765211951277069e-01,2.001598236704213440e-01,6.347882478438882092e-01,3.631229852320713158e-01,6.752463494861020710e-01,6.979908595028718743e-01
6.290293769426625881e-01,4.356147923890559825e-01,3.631229852320713158e-01,3.165751523526024735e-01,5.399217064185889425e-01,5.283259993624296325e-01
1.715275072937581524e-01,5.668745161575186042e-01,6.752463494861020710e-01,5.399217064185889425e-01,8.555442881076749106e-01,5.911657947138664326e-01
4.022177080790116932e-01,1.924079809499722460e-01,6.979908595028718743e-01,5.283259993624296325e-01,5.911657947138664326e-01,2.796616219191266905e-01
