4.483423679844351639e-01,4.862030346236462242e-01,7.048524285908055464e-01,6.207267832521317086e-01,6.904765855810399700e-01,4.509646664642664171e-01
4.862030346236462242e-01,5.809513817010574233e-01,3.451741046864360007e-01,4.636301417448839834e-01,7.916430608413809189e-01,4.509451095358585904e-01
7.048524285908055464e-01,3.451741046864360007e-01,1.220459041046902948e-01,8.250582010388985976e-01,8.811699902327159162e-01,5.895023661229604750e-01
6.207267832521317086e-01,4.636301417448839834e-01,8.250582010388985976e-01,2.608806200327370428e-01,6.739535020879776628e-01,2.157396403591610445e-01
6.904765855810399700e-01,7.916430608413809189e-01,8.811699902327159162e-01,6.739535020879776628e-01,3.476401665243623595e-01,5.600863032414198361e-01
4.509646664642664171e-01,4.509451095358585904e-01,5.895023661229604750e-01,2.157396403591610445e-01,5.600863032414198361e-01,9.937416185173341132e-01
