8.780530994771661435e-01,4.601952510298886190e-01,4.676227102790530554e-01,3.988209529766018058e-01,3.683128558463736879e-01,7.316898522258468152e-01
4.601952510298886190e-01,7.953087321404403998e-01,5.250792081886792584e-01,2.555896359698572318e-01,5.459228565274579781e-01,4.834065549225673997e-01
4.676227102790530554e-01,5.250792081886792584e-01,5.606079148180169724e-01,6.776919183465242025e-01,7.348808249939903225e-01,6.231363220633217015e-01
3.988209529766018058e-01,2.555896359698572318e-01,6.776919183465242025e-01,6.308353754804810753e-01,4.847149179522974860e-01,5.520336287093392524e-01
3.683128558463736879e-01,5.459228565274579781e-01,7.348808249939903225e-01,4.847149179522974860e-01,4.878061053315096984e-01,4.545929320323917056e-01
7.316898522258468152e-01,4.834065549225673997e-01,6.231363220633217015e-01,5.520336287093392524e-01,4.545929320323917056e-01,7.905489420289836255e-01
