3.186996718927411765e-01,2.921481954862434893e-01,9.846310844119937622e-01,5.875185168812444569e-01,7.905844469294037724e-02,7.104740807768976651e-01
2.921481954862434893e-01,6.609444076565844650e-01,1.495757867360058557e-01,5.630946534801051229e-01,4.603177072337942821e-01,7.395944726860032015e-01
9.846310844119937622e-01,1.495757867360058557e-01,8.762542815443485900e-02,8.299094244431395317e-01,6.534599193236025894e-01,5.558605931579558845e-01
5.875185168812444569e-01,5.630946534801051229e-01,8.299094244431395317e-01,4.950589419243555112e-01,8.369066264210331951e-01,5.250256286237979797e-01
7.905844469294037724e-02,4.603177072337942821e-01,6.534599193236025894e-01,8.369066264210331951e-01,7.188900239689414162e-01,7.622275897493772101e-01
7.104740807768976651e-01,7.395944726860032015e-01,5.558605931579558845e-01,5.250256286237979797e-01,7.622275897493772101e-01,5.517635964853218056e-03
