9.548841446130353905e-01,6.663069629896776203e-01,2.700126976945849688e-01,3.229904994810691710e-01,6.538722120147568706e-01,4.806220544430220842e-01
6.663069629896776203e-01,9.358608716233018932e-01,6.794880822115770824e-01,2.923123450893118647e-01,3.304006931986115392e-01,5.388865520225798456e-01
2.700126976945849688e-01,6.794880822115770824e-01,7.274566221809231070e-01,4.464970602266556954e-01,6.747455334023150231e-01,6.167006703587853966e-01
3.229904994810691710e-01,2.923123450893118647e-01,4.464970602266556954e-01,7.915246547349865658e-01,6.785612663354390062e-01,4.829445304739911626e-01
6.538722120147568706e-01,3.304006931986115392e-01,6.747455334023150231e-01,6.785612663354390062e-01,2.139006212888002745e-01,5.712269407571373137e-01
4.806220544430220842e-01,5.388865520225798456e-01,6.167006703587853966e-01,4.829445304739911626e-01,5.712269407571373137e-01,6.068213151499609603e-01
