1.368490243456470523e-01,4.539385908999461483e-01,8.663539622983479349e-01,4.663731069414163155e-01,4.738576105996361587e-02,8.705146131837299128e-01
4.539385908999461483e-01,8.205781625374785060e-01,8.722549372814034641e-01,7.358244582093844688e-01,5.643612383934144550e-01,3.357208261817839490e-01
8.663539622983479349e-01,8.722549372814034641e-01,1.029390440120431238e-01,2.469997714350863904e-01,3.154941968726708845e-01,6.498119394290113870e-01
4.663731069414163155e-01,7.358244582093844688e-01,2.469997714350863904e-01,7.258918937966081231e-01,4.813044160601338550e-01,2.416262936963476937e-01
4.738576105996361587e-02,5.643612383934144550e-01,3.154941968726708845e-01,4.813044160601338550e-01,1.609083975641917297e-01,5.556906272021069348e-01
8.705146131837299128e-01,3.357208261817839490e-01,6.498119394290113870e-01,2.416262936963476937e-01,5.556906272021069348e-01,3.762185642623795401e-01
