7.782033364762147576e-01,8.263299185063230912e-01,5.145387761018356265e-01,6.639183633665743933e-01,6.957612612201978797e-01,2.842493480503003878e-01,2.459192131376631840e-01
8.263299185063230912e-01,6.908513001781628748e-01,7.336136401434310006e-01,5.246690571616446919e-01,6.699973941689180146e-02,7.264802502156514352e-01,2.677232403201766919e-01
5.145387761018356265e-01,7.336136401434310006e-01,2.433945302312864323e-01,5.128577211688449822e-01,5.178635338598516213e-01,5.325929011993808526e-01,3.836186714709123313e-01
6.639183633665743933e-01,5.246690571616446919e-01,5.128577211688449822e-01,6.811546601436018200e-01,6.012846370782798378e-01,4.355570062079210381e-01,7.230165098380019195e-01
6.957612612201978797e-01,6.699973941689180146e-02,5.178635338598516213e-01,6.012846370782798378e-01,7.967041772803007404e-02,4.266609337664339918e-01,3.523958709758505670e-01
2.842493480503003878e-01,7.264802502156514352e-01,5.325929011993808526e-01,4.355570062079210381e-01,4.266609337664339918e-01,8.973229011996195492e-01,6.390840168439968494e-01
2.459192131376631840e-01,2.677232403201766919e-01,3.836186714709123313e-01,7.230165098380019195e-01,3.523958709758505670e-01,6.390840168439968494e-01,6.816460700757276392e-01
