7.298955015739403418e-01,5.568930922925060534e-01,4.749369156893816224e-01,7.845104933911934975e-01,7.516545294836508573e-01,6.335975388401255959e-01,5.645393582252256071e-01
5.568930922925060534e-01,8.180396973833832241e-01,7.148064932189133192e-01,5.072142878345805572e-01,5.043326622538044646e-01,4.069776867821703337e-01,7.503805621689275673e-01
4.749369156893816224e-01,7.148064932189133192e-01,5.113586447422679981e-01,5.319175203838175658e-01,6.424900869109233525e-01,2.415298905817868103e-01,4.862858813869307406e-01
7.845104933911934975e-01,5.072142878345805572e-01,5.319175203838175658e-01,4.566718777591479705e-01,6.966328243787135444e-01,5.156085439776993962e-01,6.723510964586240091e-01
7.516545294836508573e-01,5.043326622538044646e-01,6.424900869109233525e-01,6.966328243787135444e-01,7.225921119739346921e-01,5.485560252736343401e-01,7.347319278700847889e-01
6.335975388401255959e-01,4.069776867821703337e-01,2.415298905817868103e-01,5.156085439776993962e-01,5.485560252736343401e-01,8.878931733741834975e-02,5.168007653902441101e-01
5.645393582252256071e-01,7.503805621689275673e-01,4.862858813869307406e-01,6.723510964586240091e-01,7.347319278700847889e-01,5.168007653902441101e-01,6.062296407315109770e-01
