6.373392161578335102e-01,6.246037548691044661e-01,4.648945899805273507e-01,5.240060997967088685e-01,5.251491903146427997e-01,8.023064383442017888e-01
6.246037548691044661e-01,9.841590328271029309e-01,4.904875228763067030e-01,5.192273411406085337e-01,4.768271526544444194e-01,2.424553311119658217e-01
4.648945899805273507e-01,4.904875228763067030e-01,2.330919185346675970e-01,2.894862317494721338e-01,4.537983613730119936e-01,1.945794430115433959e-01
5.240060997967088685e-01,5.192273411406085337e-01,2.894862317494721338e-01,4.051364362970689692e-01,3.175605002299256574e-01,4.235117251869231492e-01
5.251491903146427997e-01,4.768271526544444194e-01,4.537983613730119936e-01,3.175605002299256574e-01,5.643309724620702017e-01,4.906849520675098386e-01
8.023064383442017888e-01,2.424553311119658217e-01,1.945794430115433959e-01,4.235117251869231492e-01,4.906849520675098386e-01,8.697585562365979239e-01
