4.899265831493615497e-01,8.682840917493355182e-01,7.667434432224177199e-01,1.508619146245707143e-01,4.664053608804011875e-01,4.252343435248661652e-01
8.682840917493355182e-01,3.079005180017089227e-01,7.584693690237549468e-01,4.880777838315625838e-01,7.240105546448883933e-01,2.725876435787121799e-01
7.667434432224177199e-01,7.584693690237549468e-01,6.669090122975827040e-01,8.409930636884959121e-01,8.545115307595190224e-01,4.891724016711416212e-01
1.508619146245707143e-01,4.880777838315625838e-01,8.409930636884959121e-01,4.126743595057290603e-01,7.060282314387831271e-01,7.191410075695663373e-01
4.664053608804011875e-01,7.240105546448883933e-01,8.545115307595190224e-01,7.060282314387831271e-01,4.674789727062138578e-01,5.844587318749329130e-01
4.252343435248661652e-01,2.725876435787121799e-01,4.891724016711416212e-01,7.191410075695663373e-01,5.844587318749329130e-01,1.061068746715151390e-01
