4.913761746561977617e-01,5.875516640664208978e-01,5.993789611093778280e-01,3.866306944824569047e-01,3.827165558105433685e-01,4.194552476118884599e-01
5.875516640664208978e-01,7.676153990315919273e-01,4.757272285665050671e-01,4.698375619853653595e-01,3.542835958853873812e-01,7.761080677665199712e-01
5.993789611093778280e-01,4.757272285665050671e-01,6.611115894643480040e-01,2.958052980269542109e-01,4.058634769621818905e-01,7.157702901306950416e-01
3.866306944824569047e-01,4.698375619853653595e-01,2.958052980269542109e-01,9.551165037661931700e-01,7.677996269625058101e-01,1.133710518610457352e-01
3.827165558105433685e-01,3.542835958853873812e-01,4.058634769621818905e-01,7.677996269625058101e-01,3.079564654100162002e-01,3.149968598391313379e-01
4.194552476118884599e-01,7.761080677665199712e-01,7.157702901306950416e-01,1.133710518610457352e-01,3.149968598391313379e-01,4.756171826204727004e-01
