5.566726104589123647e-01,5.861369231971182980e-01,7.166633475070502968e-01,4.821535618528472456e-01,4.562349095917538899e-01,9.003739544435443998e-01,4.095540874170633394e-01
5.861369231971182980e-01,4.604028136915161440e-02,3.580689421472337819e-01,6.160484794591535307e-01,9.283332942306079527e-01,3.442505647143691561e-01,6.104812686269343036e-01
7.166633475070502968e-01,3.580689421472337819e-01,7.507834076425222714e-01,4.499317715038634313e-01,4.144000311202470921e-01,4.213524595470542478e-01,3.954492330860951976e-01
4.821535618528472456e-01,6.160484794591535307e-01,4.499317715038634313e-01,1.773027617913016662e-01,8.879033407199322658e-01,3.188745622201720753e-01,4.055126151807078028e-01
4.562349095917538899e-01,9.283332942306079527e-01,4.144000311202470921e-01,8.879033407199322658e-01,7.386822343563522741e-01,7.748839868089050231e-01,3.149683933415367565e-01
9.003739544435443998e-01,3.442505647143691561e-01,4.213524595470542478e-01,3.188745622201720753e-01,7.748839868089050231e-01,5.204376145825221345e-01,3.801946937588175923e-01
4.095540874170633394e-01,6.104812686269343036e-01,3.954492330860951976e-01,4.055126151807078028e-01,3.149683933415367565e-01,3.801946937588175923e-01,2.886037831627463746e-02
