8.490168125055208570e-03,6.797680245061445969e-01,6.214388060722719764e-01,3.895416713630941996e-01,3.164249281625481913e-01,5.997223531966759946e-01
6.797680245061445969e-01,1.742288444292364735e-01,5.635041861719825018e-01,8.150962979768510142e-01,8.295103157458989518e-01,4.988431281021107888e-01
6.214388060722719764e-01,5.635041861719825018e-01,2.109083229945142302e-01,2.630966187321915339e-01,1.914381608067637908e-01,5.724464118844391214e-01
3.895416713630941996e-01,8.150962979768510142e-01,2.630966187321915339e-01,2.477188407067552056e-01,2.845334882488335104e-01,6.787595392055234544e-01
3.164249281625481913e-01,8.295103157458989518e-01,1.914381608067637908e-01,2.845334882488335104e-01,4.439924109082415971e-02,2.828798416558028217e-01
5.997223531966759946e-01,4.988431281021107888e-01,5.724464118844391214e-01,6.787595392055234544e-01,2.828798416558028217e-01,8.242448098305674709e-01
