6.239515499410025479e-01,7.493376576194995531e-01,3.509107589675293237e-01,2.224346025481141464e-01,4.895498897233387381e-01,3.911890559936534451e-01,6.369727962668285670e-01
7.493376576194995531e-01,4.257969285797135184e-01,6.140996963590390489e-01,8.217164492500836914e-01,5.692240870644535988e-01,3.574544010547632267e-01,5.405154005489622993e-01
3.509107589675293237e-01,6.140996963590390489e-01,2.118989618910868122e-01,3.745461419408449011e-01,1.233315808523951507e-01,4.072372130471236806e-01,6.660780806000627940e-01
2.224346025481141464e-01,8.217164492500836914e-01,3.745461419408449011e-01,4.614520115818356860e-01,3.413386553775599741e-01,6.035833819770552999e-01,8.601825607217030711e-01
4.895498897233387381e-01,5.692240870644535988e-01,1.233315808523951507e-01,3.413386553775599741e-01,2.188094118959246215e-01,6.737021921678557623e-01,3.707508093118642711e-01
3.911890559936534451e-01,3.574544010547632267e-01,4.072372130471236806e-01,6.035833819770552999e-01,6.737021921678557623e-01,9.719600337134437495e-01,5.497917406470056445e-01
6.369727962668285670e-01,5.405154005489622993e-01,6.660780806000627940e-01,8.601825607217030711e-01,3.707508093118642711e-01,5.497917406470056445e-01,3.235807803238658353e-01
