5.248600781200322141e-01,6.443510655421689215e-01,4.986988565263223983e-01,6.962592238354852192e-01,7.722888708503178323e-01,8.087076332719196348e-01
6.443510655421689215e-01,3.251739481056750147e-01,4.192567249735818513e-01,4.070830507711755697e-01,3.656248198054970477e-01,4.864216152651304470e-01
4.986988565263223983e-01,4.192567249735818513e-01,1.981002773070018597e-01,6.862416622216387374e-01,3.944590613303586291e-01,6.560613695362049747e-01
6.962592238354852192e-01,4.070830507711755697e-01,6.862416622216387374e-01,5.065366512437191604e-01,4.684316616732855931e-01,2.211987337476660764e-01
7.722888708503178323e-01,3.656248198054970477e-01,3.944590613303586291e-01,4.684316616732855931e-01,5.091500827462550616e-01,5.624480409072141196e-01
8.087076332719196348e-01,4.864216152651304470e-01,6.560613695362049747e-01,2.211987337476660764e-01,5.624480409072141196e-01,4.515051495262921710e-01
