6.712040792642026688e-01,5.809077007084024746e-01,2.452702089384414808e-01,4.565404916551110137e-01,2.397045072346649097e-01,7.215449170876184759e-01
5.809077007084024746e-01,6.050614354392896965e-01,2.734765854516870709e-01,8.724647208544686894e-01,5.705685234449531240e-01,8.292345610752107632e-01
2.452702089384414808e-01,2.734765854516870709e-01,3.081455977412032032e-01,6.185975173195863430e-01,3.911145396971177357e-01,2.535312479290953713e-01
4.565404916551110137e-01,8.724647208544686894e-01,6.185975173195863430e-01,9.830475798994705583e-01,5.683334434305773453e-01,5.547099523877176974e-01
2.397045072346649097e-01,5.705685234449531240e-01,3.911145396971177357e-01,5.683334434305773453e-01,2.492906204997525910e-01,4.999974166842413581e-01
7.215449170876184759e-01,8.292345610752107632e-01,2.535312479290953713e-01,5.547099523877176974e-01,4.999974166842413581e-01,1.791388655530595786e-01
