5.224628829056902068e-01,9.328764064797594457e-01,8.679344570507949719e-01,5.946729052889698774e-01,3.094245155259665592e-01,6.149859063868565734e-01
9.328764064797594457e-01,5.814690345465277632e-01,7.833689832237226147e-01,3.245378082332014413e-01,6.698416988074038514e-01,3.690966424310452298e-01
8.679344570507949719e-01,7.833689832237226147e-01,8.565315214155229118e-01,5.742974638223217188e-01,4.399366629773142079e-01,4.923131004114756348e-01
5.946729052889698774e-01,3.245378082332014413e-01,5.742974638223217188e-01,3.669657589508610318e-01,7.852970368470078011e-01,1.840606941424328680e-01
3.094245155259665592e-01,6.698416988074038514e-01,4.399366629773142079e-01,7.852970368470078011e-01,4.359725497231303759e-02,9.073249172485958747e-01
6.149859063868565734e-01,3.690966424310452298e-01,4.923131004114756348e-01,1.840606941424328680e-01,9.073249172485958747e-01,4.537307477397538591e-01
