8.280908009386670487e-01,5.820711798043163299e-01,5.702046303338583755e-01,4.029658499255985848e-01,9.210051872758976410e-01,6.457776525541162327e-01
5.820711798043163299e-01,5.978991244660395443e-01,6.270340271428447299e-01,7.180866853188070387e-01,5.926727909497282454e-01,4.739085912694241398e-01
5.702046303338583755e-01,6.270340271428447299e-01,9.073955174371484134e-03,9.578453919703480146e-01,4.256016384748614323e-01,6.703838411220810478e-01
4.029658499255985848e-01,7.180866853188070387e-01,9.578453919703480146e-01,9.922445355716315030e-01,4.657745862697954542e-01,5.810811507972128975e-01
9.210051872758976410e-01,5.926727909497282454e-01,4.256016384748614323e-01,4.657745862697954542e-01,7.193014584764217956e-01,4.326479242603790687e-01
6.457776525541162327e-01,4.739085912694241398e-01,6.703838411220810478e-01,5.810811507972128975e-01,4.326479242603790687e-01,4.435684865015175893e-01
