9.636936280690531209e-01,2.906674083334498948e-01,8.151390536185867397e-01,4.923396422808103967e-01,4.067172373270789287e-01,7.262604650544548512e-01
2.906674083334498948e-01,9.716043955117780184e-01,3.451403122244228183e-01,6.155996221528367007e-01,9.806543397286962005e-01,8.332546201567807564e-01
8.151390536185867397e-01,3.451403122244228183e-01,3.626299429887641645e-01,5.094573045021767443e-01,5.562445247698128981e-01,6.401460929332625227e-01
4.923396422808103967e-01,6.155996221528367007e-01,5.094573045021767443e-01,2.989443794832259416e-01,5.511030503957531357e-01,5.237889549587375626e-01
4.067172373270789287e-01,9.806543397286962005e-01,5.562445247698128981e-01,5.511030503957531357e-01,8.261636865574218946e-01,5.332453556502556591e-01
7.262604650544548512e-01,8.332546201567807564e-01,6.401460929332625227e-01,5.237889549587375626e-01,5.332453556502556591e-01,7.797433923345340467e-01
