4.406673554915090385e-01,5.513414272592558341e-01,2.715410016127000614e-01,1.373743043177460543e-01,4.576199970734842193e-01,1.963157070173873753e-01
5.513414272592558341e-01,7.385194804835359950e-02,2.589239032039706845e-01,2.867091773230536211e-01,7.502411399732891173e-01,7.577284625379677729e-01
2.715410016127000614e-01,2.589239032039706845e-01,8.303368853240777892e-02,7.227175752260094344e-01,4.931470906631021389e-01,2.477644388389293462e-01
1.373743043177460543e-01,2.867091773230536211e-01,7.227175752260094344e-01,4.545055513952256376e-02,5.099679623595301248e-01,4.617353875513569017e-01
4.576199970734842193e-01,7.502411399732891173e-01,4.931470906631021389e-01,5.099679623595301248e-01,2.356746032784261535e-01,2.985817882871816265e-01
1.963157070173873753e-01,7.577284625379677729e-01,2.477644388389293462e-01,4.617353875513569017e-01,2.985817882871816265e-01,3.220872708309416854e-01
