7.739575020906677150e-01,3.432261936076463904e-01,2.698667826272576065e-01,8.175208886544482745e-01,1.840634751881765063e-01,3.674629964449970809e-01
3.432261936076463904e-01,6.560968457421959554e-01,4.925916791725429844e-01,4.936985193493743651e-01,3.306307910565375319e-01,3.416047746161006704e-01
2.698667826272576065e-01,4.925916791725429844e-01,4.079240792308175267e-01,5.716082383292344637e-01,2.188892623432436846e-01,2.417520818185644460e-01
8.175208886544482745e-01,4.936985193493743651e-01,5.716082383292344637e-01,4.353980366305577610e-01,6.727708609911624560e-01,4.855505560059995562e-01
1.840634751881765063e-01,3.306307910565375319e-01,2.188892623432436846e-01,6.727708609911624560e-01,7.942645381510644587e-01,6.216280737782988730e-01
3.674629964449970809e-01,3.416047746161006704e-01,2.417520818185644460e-01,4.855505560059995562e-01,6.216280737782988730e-01,6.137056441645015736e-01
