1.188407819503451979e-01,2.183294278946426026e-01,4.026124932260158884e-01,3.889610644524887917e-01,9.989601083680382798e-02,3.216186320846744495e-01
2.183294278946426026e-01,4.533658271961408248e-01,6.839671958406755570e-01,5.455181631253989138e-01,3.672167626991246769e-01,1.256416144080271802e-01
4.026124932260158884e-01,6.839671958406755570e-01,9.241494152360368863e-01,4.790056146642029944e-02,5.994236172656925987e-01,2.620083719235121178e-01
3.889610644524887917e-01,5.455181631253989138e-01,4.790056146642029944e-02,1.594251578881809017e-01,7.390068414220050119e-01,5.231863678244665916e-01
9.989601083680382798e-02,3.672167626991246769e-01,5.994236172656925987e-01,7.390068414220050119e-01,7.773436534888389371e-01,1.352761029022123695e-01
3.216186320846744495e-01,1.256416144080271802e-01,2.620083719235121178e-01,5.231863678244665916e-01,1.352761029022123695e-01,2.141321641866840153e-01
