6.777798302556973242e-01,3.505107517618298307e-01,4.241361112379310461e-01,3.852580562854321378e-01,5.226538217393160712e-01,4.782355601601243067e-01
3.505107517618298307e-01,1.231603624602052305e-01,3.707352024826364167e-01,6.922957265228419921e-01,6.044764238427892122e-01,7.213739272508967737e-02
4.241361112379310461e-01,3.707352024826364167e-01,2.331479646042339260e-01,2.305761416557613463e-01,6.262212596882305027e-02,3.814258602697730982e-01
3.852580562854321378e-01,6.922957265228419921e-01,2.305761416557613463e-01,7.881443924531520429e-01,4.496473741689115400e-01,4.716549163765482167e-01
5.226538217393160712e-01,6.044764238427892122e-01,6.262212596882305027e-02,4.496473741689115400e-01,1.048554785875409623e-01,8.909788937454642399e-01
4.782355601601243067e-01,7.213739272508967737e-02,3.814258602697730982e-01,4.716549163765482167e-01,8.909788937454642399e-01,8.338275697658442676e-01
