7.046050035229615149e-01,5.309013042407496608e-01,4.028085736905682168e-01,6.175035431520985441e-01,6.626285577736072963e-01,3.847565315567716970e-01
5.309013042407496608e-01,2.462916064365918700e-01,6.060895627529517826e-01,5.114015038218174825e-01,5.903940231388099535e-01,4.246848860688311467e-01
4.028085736905682168e-01,6.060895627529517826e-01,4.452611053651469586e-01,5.014051929354272907e-01,3.667954654798732950e-01,1.537635305858223722e-01
6.175035431520985441e-01,5.114015038218174825e-01,5.014051929354272907e-01,3.420644145880954445e-01,5.322297139927613108e-01,3.141763863603867502e-01
6.626285577736072963e-01,5.903940231388099535e-01,3.667954654798732950e-01,5.322297139927613108e-01,9.554326786439012453e-01,6.720529944281863344e-01
3.847565315567716970e-01,4.246848860688311467e-01,1.537635305858223722e-01,3.141763863603867502e-01,6.720529944281863344e-01,4.419401151117059445e-01
