6.885547620576305539e-01,4.619144426506845424e-01,5.006281302091935004e-01,4.365421042394036499e-01,4.332224853230084993e-01,5.551125382652134510e-01
4.619144426506845424e-01,1.286434952808083176e-01,5.127907225603856034e-01,9.378900596602023354e-01,2.846535835010296500e-01,4.446991766831528969e-01
5.006281302091935004e-01,5.127907225603856034e-01,9.675250268947676036e-01,3.377241359101342821e-01,5.163710357216946267e-01,5.083057499236619536e-01
4.365421042394036499e-01,9.378900596602023354e-01,3.377241359101342821e-01,3.463459306458336329e-01,8.756347768453944802e-01,3.416509550885551971e-01
4.332224853230084993e-01,2.846535835010296500e-01,5.163710357216946267e-01,8.756347768453944802e-01,6.531214987379418968e-01,6.637876682967904785e-01
5.551125382652134510e-01,4.446991766831528969e-01,5.083057499236619536e-01,3.416509550885551971e-01,6.637876682967904785e-01,7.855922666225803042e-01
