8.363926672669423912e-01,7.585863385109961055e-01,3.499536445541462371e-01,5.552168999878792643e-01,5.794713676724763118e-01,5.641315758217604337e-01
7.585863385109961055e-01,2.173130407652140716e-01,2.494234552139079630e-01,4.007436769109247177e-01,5.530971849218135894e-01,5.592839985241850886e-01
3.499536445541462371e-01,2.494234552139079630e-01,7.809447584946137555e-01,2.246297571644478852e-01,7.010950237513551286e-01,3.357892752429463834e-01
5.552168999878792643e-01,4.007436769109247177e-01,2.246297571644478852e-01,8.725915482890560515e-01,7.050595131012176164e-01,6.528421131371706654e-01
5.794713676724763118e-01,5.530971849218135894e-01,7.010950237513551286e-01,7.050595131012176164e-01,1.180794118811452353e-01,5.180988950920089042e-01
5.641315758217604337e-01,5.592839985241850886e-01,3.357892752429463834e-01,6.528421131371706654e-01,5.180988950920089042e-01,5.821737871429548683e-01
