6.202259620552761366e-01,6.979488777740021632e-01,5.642180408248069767e-01,1.449148019850202140e-01,3.307429618384793435e-01,5.193007053973582865e-01
6.979488777740021632e-01,6.643690121347153310e-01,4.845177497066799344e-01,3.165639343445754150e-01,7.585013289319701979e-01,8.327895070855695359e-01
5.642180408248069767e-01,4.845177497066799344e-01,1.189455509338910311e-02,3.455825819402633670e-01,5.294048652392762122e-01,3.598297888506575837e-01
1.449148019850202140e-01,3.165639343445754150e-01,3.455825819402633670e-01,6.815789002072565328e-01,5.781929201805322549e-01,4.206765715819345552e-01
3.307429618384793435e-01,7.585013289319701979e-01,5.294048652392762122e-01,5.781929201805322549e-01,2.202973423158161026e-02,6.702408458554475201e-01
5.193007053973582865e-01,8.327895070855695359e-01,3.598297888506575837e-01,4.206765715819345552e-01,6.702408458554475201e-01,7.919273458692835943e-01
