2.138831343521678807e-01,6.540589646932132295e-01,6.630650398334683171e-01,5.825945789841759925e-01,4.970362540039202082e-01,4.233451487718099537e-01
6.540589646932132295e-01,2.129712419215078478e-01,4.805042323593465836e-01,3.683483438233935425e-01,2.674827778796990407e-01,2.714271337193980838e-01
6.630650398334683171e-01,4.805042323593465836e-01,2.724098615751857633e-02,5.747710850395892912e-01,6.554134023123195929e-01,9.083033144731711417e-01
5.825945789841759925e-01,3.683483438233935425e-01,5.747710850395892912e-01,3.522915345760100347e-01,3.225360782132031812e-01,7.325679730207386164e-01
4.970362540039202082e-01,2.674827778796990407e-01,6.554134023123195929e-01,3.225360782132031812e-01,4.532708399681172340e-01,4.153254760963782100e-01
4.233451487718099537e-01,2.714271337193980838e-01,9.083033144731711417e-01,7.325679730207386164e-01,4.153254760963782100e-01,3.308057637543251328e-01
