8.308863406919747563e-01,5.875937432437485786e-01,5.502071958994234624e-01,5.675837100876440777e-01,4.704578636221402044e-01,2.363909280764840415e-01
5.875937432437485786e-01,5.930068051310259936e-01,1.529357193842806328e-01,6.847755761572578148e-01,2.796678350190275331e-01,2.267749863449845527e-01
5.502071958994234624e-01,1.529357193842806328e-01,7.562587073214463995e-01,6.319990481120558723e-01,6.097620582654893484e-01,4.558424395516779692e-01
5.675837100876440777e-01,6.847755761572578148e-01,6.319990481120558723e-01,6.934681247324263609e-01,2.496934539592920999e-01,3.788236134140514078e-01
4.704578636221402044e-01,2.796678350190275331e-01,6.097620582654893484e-01,2.496934539592920999e-01,3.029043240892106414e-01,3.442365348401602576e-01
2.363909280764840415e-01,2.267749863449845527e-01,4.558424395516779692e-01,3.788236134140514078e-01,3.442365348401602576e-01,3.390207502822324415e-01
