1.870245107660160055e-01,4.955996344799105668e-01,4.564719008281468149e-01,8.321494170981282856e-01,4.170179655108156025e-01,4.596962353605753560e-01
4.955996344799105668e-01,1.836353202508987925e-01,2.229352457623861583e-01,3.703271405128923388e-01,5.422578745078417972e-01,6.165922776538252936e-01
4.564719008281468149e-01,2.229352457623861583e-01,8.967444403594088120e-01,4.999512557507708732e-01,2.311616116888631223e-01,9.916707520785794649e-01
8.321494170981282856e-01,3.703271405128923388e-01,4.999512557507708732e-01,3.976069743821671887e-01,4.418760788835101039e-01,7.467392213962358305e-01
4.170179655108156025e-01,5.422578745078417972e-01,2.311616116888631223e-01,4.418760788835101039e-01,5.303307004091685206e-01,3.010615153119826637e-01
4.596962353605753560e-01,6.165922776538252936e-01,9.916707520785794649e-01,7.467392213962358305e-01,3.010615153119826637e-01,4.661330867630194552e-01
