3.360873712982900274e-01,4.211254468054129174e-01,2.962793255103249312e-01,1.635977901609102503e-01,4.605279039434537203e-01,5.715636008999017692e-01
4.211254468054129174e-01,9.040707278395232471e-03,7.039228681586493508e-01,6.024814908978626260e-01,3.104159131585638165e-01,3.203971980648734341e-01
2.962793255103249312e-01,7.039228681586493508e-01,5.340861568543350257e-01,4.885279191018064848e-01,8.289893423713571297e-01,4.802176623901921459e-01
1.635977901609102503e-01,6.024814908978626260e-01,4.885279191018064848e-01,6.309080000769102803e-01,4.809507829737117435e-01,9.149893130988100420e-01
4.605279039434537203e-01,3.104159131585638165e-01,8.289893423713571297e-01,4.809507829737117435e-01,4.195213380715776541e-01,2.102058151105618555e-01
5.715636008999017692e-01,3.203971980648734341e-01,4.802176623901921459e-01,9.149893130988100420e-01,2.102058151105618555e-01,4.868871254782832780e-01
