8.269420078693376919e-01,5.357305850404971981e-01,4.298220158434419846e-01,3.443029371390129989e-01,5.912396160840081016e-01,3.763728672778762219e-01
5.357305850404971981e-01,8.439258264040081503e-01,5.417328795508556949e-01,5.705747796410074457e-01,6.658838925804515529e-01,4.891074989871991852e-01
4.298220158434419846e-01,5.417328795508556949e-01,8.743668954590722020e-02,4.898989789712018816e-01,6.921974770732175486e-02,1.164155009883230396e-01
3.443029371390129989e-01,5.705747796410074457e-01,4.898989789712018816e-01,6.403165771737810985e-01,7.376262447385567578e-01,6.334180670019018411e-01
5.912396160840081016e-01,6.658838925804515529e-01,6.921974770732175486e-02,7.376262447385567578e-01,8.154143700282893148e-01,5.348156508851429347e-01
3.763728672778762219e-01,4.891074989871991852e-01,1.164155009883230396e-01,6.334180670019018411e-01,5.348156508851429347e-01,3.436841156409854436e-01
