9.612104207303066028e-01,4.483359383681206345e-01,6.564893577385376711e-01,7.209432300853749753e-01,2.247992575992324715e-02,3.200290787813808713e-02
4.483359383681206345e-01,9.252229643286239424e-01,3.687204200905822016e-01,4.867821458520728561e-01,3.761800334763322762e-01,4.610892040772920919e-01
6.564893577385376711e-01,3.687204200905822016e-01,5.838546921793256184e-01,3.873664237797979637e-01,5.350002748553804865e-01,6.858856340583145972e-01
7.209432300853749753e-01,4.867821458520728561e-01,3.873664237797979637e-01,1.225829567442888735e-01,1.364349831621847753e-01,3.108859710784214747e-01
2.247992575992324715e-02,3.761800334763322762e-01,5.350002748553804865e-01,1.364349831621847753e-01,5.590827548070133046e-01,3.627677182986391857e-01
3.200290787813808713e-02,4.610892040772920919e-01,6.858856340583145972e-01,3.108859710784214747e-01,3.627677182986391857e-01,7.958530461956725421e-01
