4.548623437661541979e-01,4.519430990562729455e-01,7.661892480817481532e-01,3.968498617188456201e-01,7.150998618303527898e-01,3.186758933012825978e-01
4.519430990562729455e-01,4.519756241683877684e-01,3.884607482173230708e-01,5.208805546876580372e-01,6.583701771550922732e-01,7.350238389355703283e-01
7.661892480817481532e-01,3.884607482173230708e-01,6.291042021553778785e-01,6.044477626652323687e-01,5.990361422968291105e-01,6.932877008450135659e-01
3.968498617188456201e-01,5.208805546876580372e-01,6.044477626652323687e-01,4.409054280583897256e-01,3.823328658536075952e-01,1.951086827282951797e-01
7.150998618303527898e-01,6.583701771550922732e-01,5.990361422968291105e-01,3.823328658536075952e-01,7.889934724556352252e-01,5.435287650092796019e-01
3.186758933012825978e-01,7.350238389355703283e-01,6.932877008450135659e-01,1.951086827282951797e-01,5.435287650092796019e-01,8.604502364949562221e-01
