3.800703863206114086e-01,9.991305513212589418e-02,8.899019438394102366e-01,6.832067773191715654e-01,6.745877476339861012e-01,6.176475151877047765e-01
9.991305513212589418e-02,5.407994471765574795e-01,5.645191897457018104e-01,3.513302179084649701e-01,6.547338759604517389e-01,4.807307385897969798e-01
8.899019438394102366e-01,5.645191897457018104e-01,3.176649289762535355e-01,5.625960197291790532e-01,8.649083198259290839e-01,2.545080652044668934e-01
6.832067773191715654e-01,3.513302179084649701e-01,5.625960197291790532e-01,6.675771234562877243e-01,1.029299369290829214e-01,3.896834924516368037e-01
6.745877476339861012e-01,6.547338759604517389e-01,8.649083198259290839e-01,1.029299369290829214e-01,7.221237943310993002e-01,3.295396314952628303e-01
6.176475151877047765e-01,4.807307385897969798e-01,2.545080652044668934e-01,3.896834924516368037e-01,3.295396314952628303e-01,8.137805422074082529e-01
