8.222673022836513024e-02,6.640926463432719196e-01,5.653847342770592643e-01,1.916253881168699658e-01,3.149179674603241330e-01,2.699997133967729224e-01
6.640926463432719196e-01,4.040547163905864325e-01,2.854475853944054009e-01,8.886772271517888733e-01,1.004211139298823441e-01,1.752841175858423917e-01
5.653847342770592643e-01,2.854475853944054009e-01,4.639616578714746975e-01,3.495206490160031598e-01,8.120195269800318805e-01,6.719721116154597773e-01
1.916253881168699658e-01,8.886772271517888733e-01,3.495206490160031598e-01,5.608999310023905505e-01,6.672238301776495240e-01,4.779114058700596468e-01
3.149179674603241330e-01,1.004211139298823441e-01,8.120195269800318805e-01,6.672238301776495240e-01,7.006881355442118320e-02,3.761239637655566792e-02
2.699997133967729224e-01,1.752841175858423917e-01,6.719721116154597773e-01,4.779114058700596468e-01,3.761239637655566792e-02,8.480876414417486409e-01
