5.208929238409351070e-01,4.759726339468532963e-01,3.603238151723783811e-01,3.278763441535756384e-01,5.006728249908145578e-01,4.293598205183589145e-01
4.759726339468532963e-01,3.759008403114000307e-01,3.186386480799710541e-01,5.883182581880874729e-01,5.000749611808126271e-01,6.904802186229894723e-01
3.603238151723783811e-01,3.186386480799710541e-01,5.168346012955601365e-01,8.865516760948233266e-01,4.340106671873123489e-01,3.747384005235759319e-01
3.278763441535756384e-01,5.883182581880874729e-01,8.865516760948233266e-01,2.485490648986530271e-01,3.557801305921999280e-01,3.248948802739901054e-01
5.006728249908145578e-01,5.000749611808126271e-01,4.340106671873123489e-01,3.557801305921999280e-01,2.667569426387937925e-01,6.570709328637454050e-01
4.293598205183589145e-01,6.904802186229894723e-01,3.747384005235759319e-01,3.248948802739901054e-01,6.570709328637454050e-01,6.418588767362531922e-01
