8.491723514864772948e-01,4.918172002494068940e-01,6.675188379120658988e-01,7.032502027246789744e-01,4.516762781376620906e-01,2.431877004437567047e-01
4.918172002494068940e-01,6.025270159360047728e-01,2.820610663739150925e-01,4.144524328464193053e-01,2.878462142996222051e-01,4.441275254780313597e-01
6.675188379120658988e-01,2.820610663739150925e-01,3.775384190406488871e-01,6.744019533770694297e-01,5.838655167239970023e-01,2.575389678344994770e-01
7.032502027246789744e-01,4.144524328464193053e-01,6.744019533770694297e-01,5.104311561046569468e-01,7.557750488729699789e-01,8.922121634494000197e-01
4.516762781376620906e-01,2.878462142996222051e-01,5.838655167239970023e-01,7.557750488729699789e-01,7.468370347884829563e-01,3.765550039587277631e-01
2.431877004437567047e-01,4.441275254780313597e-01,2.575389678344994770e-01,8.922121634494000197e-01,3.765550039587277631e-01,9.505184000491562202e-01
