3.987076879162170240e-01,4.449083952857826318e-01,4.421364104472091938e-01,3.714832885706627619e-01,4.857222563538489690e-01,3.650561445061396570e-01
4.449083952857826318e-01,6.954927528040544260e-02,6.348388500837927051e-01,6.644075155049848913e-01,3.905596342508171892e-01,6.071161001283336134e-01
4.421364104472091938e-01,6.348388500837927051e-01,3.878513054847744224e-01,2.782530603770065891e-01,3.700685465621201820e-01,4.808676406177557761e-01
3.714832885706627619e-01,6.644075155049848913e-01,2.782530603770065891e-01,1.726606086815385410e-02,4.286548611656531005e-01,3.795300903269364090e-01
4.857222563538489690e-01,3.905596342508171892e-01,3.700685465621201820e-01,4.286548611656531005e-01,5.233373293245678903e-01,4.883523600633887241e-01
3.650561445061396570e-01,6.071161001283336134e-01,4.808676406177557761e-01,3.795300903269364090e-01,4.883523600633887241e-01,8.633389677197811363e-01
