7.917594204130248281e-01,8.691424030531064160e-01,1.907334929600790208e-01,5.450980179607415321e-01,7.223112598371931314e-01,3.582678070015296035e-01
8.691424030531064160e-01,2.102647201703916613e-01,4.253851322259349366e-01,2.353148160260040145e-01,3.840822472074674754e-01,7.235869682995339502e-01
1.907334929600790208e-01,4.253851322259349366e-01,7.618764739530464736e-01,5.265345042103082296e-01,4.000621662057582406e-01,1.058814934568818589e-01
5.450980179607415321e-01,2.353148160260040145e-01,5.265345042103082296e-01,7.135650374245758876e-01,7.328173914707631909e-01,5.802062434449630768e-01
7.223112598371931314e-01,3.840822472074674754e-01,4.000621662057582406e-01,7.328173914707631909e-01,5.835309240173610634e-01,6.695854301006068932e-01
3.582678070015296035e-01,7.235869682995339502e-01,1.058814934568818589e-01,5.802062434449630768e-01,6.695854301006068932e-01,7.034169287129533599e-01
