4.891046260714304594e-01,3.360081294880730152e-01,5.390781782793266919e-01,4.633592990863096839e-01,2.391343498621368302e-01,7.264263831689401485e-01
3.360081294880730152e-01,2.213461057295951218e-02,1.036456966495898357e-01,7.577540767795255539e-01,2.922865095384579170e-01,2.182947864870962151e-01
5.390781782793266919e-01,1.036456966495898357e-01,5.628460061190262431e-01,5.133716915435697636e-01,4.863842325111852327e-01,4.832933760751916830e-01
4.633592990863096839e-01,7.577540767795255539e-01,5.133716915435697636e-01,6.750529432984797573e-02,6.088950780269073437e-01,4.111271802271767584e-01
2.391343498621368302e-01,2.922865095384579170e-01,4.863842325111852327e-01,6.088950780269073437e-01,7.390795542474795088e-01,6.080130361358787594e-01
7.264263831689401485e-01,2.182947864870962151e-01,4.832933760751916830e-01,4.111271802271767584e-01,6.080130361358787594e-01,9.662633020181388144e-01
