2.888046116714050315e-01,7.067922922549846332e-01,6.916666228206400646e-01,5.883979762111074541e-01,1.597996448745410136e-01,4.704373471621742797e-01
7.067922922549846332e-01,3.185273336516686316e-01,5.298382270592976173e-01,6.568043595966590598e-01,4.739651992803248226e-01,4.461373430259807371e-01
6.916666228206400646e-01,5.298382270592976173e-01,4.587653531819911867e-01,7.226017192051352733e-01,2.306777983975840107e-01,6.018272172147005605e-01
5.883979762111074541e-01,6.568043595966590598e-01,7.226017192051352733e-01,8.935055521606420914e-01,6.376740726165122108e-01,4.346764584312472479e-01
1.597996448745410136e-01,4.739651992803248226e-01,2.306777983975840107e-01,6.376740726165122108e-01,4.757472989297106825e-02,4.034528381675752673e-01
4.704373471621742797e-01,4.461373430259807371e-01,6.018272172147005605e-01,4.346764584312472479e-01,4.034528381675752673e-01,6.933858762235800555e-01
