7.727926438290496636e-01,6.000789285095432524e-01,5.581821645221805017e-01,5.214335906694932410e-01,9.348667902748439840e-01,6.861694507532960507e-01
6.000789285095432524e-01,3.496413778659168692e-03,4.250314250313397268e-01,5.495174199642967050e-01,4.938057632619337056e-01,4.626650934693967154e-01
5.581821645221805017e-01,4.250314250313397268e-01,8.093370201540728281e-02,1.526034998390434216e-01,4.785467376568452447e-01,2.106479892130290743e-01
5.214335906694932410e-01,5.495174199642967050e-01,1.526034998390434216e-01,8.842166404618391207e-01,5.364808813193324699e-01,6.461767270942898600e-01
9.348667902748439840e-01,4.938057632619337056e-01,4.785467376568452447e-01,5.364808813193324699e-01,1.884126267449294234e-01,4.627964275691641705e-01
6.861694507532960507e-01,4.626650934693967154e-01,2.106479892130290743e-01,6.461767270942898600e-01,4.627964275691641705e-01,8.812802011219188492e-01
