3.273896488858425435e-01,8.119213043974511379e-01,7.934250815584455996e-01,5.464934188833238116e-01,4.310377598115044395e-01,5.083400845685026592e-01
8.119213043974511379e-01,1.495059883665733613e-01,5.362256913120353463e-01,7.875967716737632962e-01,2.600681956096932423e-01,3.472786359292850955e-01
7.934250815584455996e-01,5.362256913120353463e-01,1.126345717859700279e-01,7.224850736914754101e-01,6.727309199126829675e-01,2.094758326935803883e-01
5.464934188833238116e-01,7.875967716737632962e-01,7.224850736914754101e-01,2.381271243063565191e-01,5.894497149794353241e-01,3.240099558946489822e-01
4.310377598115044395e-01,2.600681956096932423e-01,6.727309199126829675e-01,5.894497149794353241e-01,2.799411088098208156e-01,7.174610304713869846e-01
5.083400845685026592e-01,3.472786359292850955e-01,2.094758326935803883e-01,3.240099558946489822e-01,7.174610304713869846e-01,9.580687924888126039e-01
