2.840491600065313538e-01,5.604002742921843083e-01,6.331469768310902246e-01,5.524641008912287710e-01,2.288324670864914645e-01,5.669857065970755894e-01,4.254531004714531828e-01
5.604002742921843083e-01,8.893434271079434517e-01,6.280021548069452120e-01,9.116915920935499962e-01,5.596015635904041385e-01,6.763065133836247966e-01,5.281049621616562550e-01
6.331469768310902246e-01,6.280021548069452120e-01,4.135208529545769673e-01,1.869092989453307041e-01,9.364846771316548413e-01,4.155937857269814129e-01,8.309601566113316018e-01
5.524641008912287710e-01,9.116915920935499962e-01,1.869092989453307041e-01,8.622580411026468106e-01,5.162405274052024318e-01,5.451775690103894956e-01,7.151864329160597666e-01
2.288324670864914645e-01,5.596015635904041385e-01,9.364846771316548413e-01,5.162405274052024318e-01,6.245180496479008081e-01,4.121667812383392193e-01,3.866394145793195514e-01
5.669857065970755894e-01,6.763065133836247966e-01,4.155937857269814129e-01,5.451775690103894956e-01,4.121667812383392193e-01,2.728998945835995338e-01,7.018247862190762909e-01
4.254531004714531828e-01,5.281049621616562550e-01,8.309601566113316018e-01,7.151864329160597666e-01,3.866394145793195514e-01,7.018247862190762909e-01,3.041822856220733895e-01
