6.874272473662470517e-01,4.435650903296486924e-01,7.816326414310922344e-01,5.682897353772872195e-01,6.229004271358207223e-01,3.473119019145157749e-01,6.805664023718278610e-01
4.435650903296486924e-01,5.477153518018601508e-01,4.258419361871660369e-01,4.825240592935132744e-01,2.423752304260163859e-01,9.055310895722121778e-01,5.158612011190963909e-01
7.816326414310922344e-01,4.258419361871660369e-01,5.685033682238495034e-01,6.741746208034813392e-01,7.937042029714305169e-01,4.469235753222861596e-01,2.708146878548717273e-01
5.682897353772872195e-01,4.825240592935132744e-01,6.741746208034813392e-01,5.600526931905253081e-01,5.160372875741177090e-01,1.133246261573367941e-01,4.811227115139770638e-01
6.229004271358207223e-01,2.423752304260163859e-01,7.937042029714305169e-01,5.160372875741177090e-01,1.776814508752273536e-01,5.069182886619819639e-01,8.614167706461368645e-01
3.473119019145157749e-01,9.055310895722121778e-01,4.469235753222861596e-01,1.133246261573367941e-01,5.069182886619819639e-01,3.325959660192265854e-01,4.696859889954971834e-01
6.805664023718278610e-01,5.158612011190963909e-01,2.708146878548717273e-01,4.811227115139770638e-01,8.614167706461368645e-01,4.696859889954971834e-01,8.883886241290849251e-01
