4.198887646458735468e-01,8.764816095721021938e-01,6.393681244531431718e-01,3.407331902629545661e-01,2.126937332445188455e-01,6.694133127364398916e-01
8.764816095721021938e-01,6.002772855746104641e-01,2.736340341374677299e-01,7.987254588352084017e-01,5.833359313700171578e-01,4.476668993352781456e-01
6.393681244531431718e-01,2.736340341374677299e-01,3.180770749044639079e-01,3.221010499826025830e-01,4.297106140782424033e-01,4.111345752704418932e-01
3.407331902629545661e-01,7.987254588352084017e-01,3.221010499826025830e-01,3.648573122725138340e-01,5.360667231065688876e-01,7.430914373326746869e-01
2.126937332445188455e-01,5.833359313700171578e-01,4.297106140782424033e-01,5.360667231065688876e-01,9.684845556209114026e-01,1.203749704629022421e-01
6.694133127364398916e-01,4.476668993352781456e-01,4.111345752704418932e-01,7.430914373326746869e-01,1.203749704629022421e-01,3.658006620429700151e-01
