7.266407992614667410e-01,9.124090316617523566e-01,3.129741748031039106e-01,7.415512067907562566e-01,4.220136100944666957e-01,7.271144990849558454e-01,3.448085927372431247e-01
9.124090316617523566e-01,1.732500164488213201e-01,8.564808740138465382e-01,4.332714558980096387e-01,4.512966336070825535e-01,5.221246754272785839e-01,9.278341315013113322e-01
3.129741748031039106e-01,8.564808740138465382e-01,2.643461080819264897e-01,8.560679900935908027e-01,4.376740207667833005e-01,4.899631129394659279e-01,1.534173159249863083e-01
7.415512067907562566e-01,4.332714558980096387e-01,8.560679900935908027e-01,1.350211614385636860e-01,5.668560960876776189e-01,1.993721545745780754e-01,5.044754180936148469e-01
4.220136100944666957e-01,4.512966336070825535e-01,4.376740207667833005e-01,5.668560960876776189e-01,4.304284762447090351e-01,4.312428712431013444e-01,6.139429715315585234e-01
7.271144990849558454e-01,5.221246754272785839e-01,4.899631129394659279e-01,1.993721545745780754e-01,4.312428712431013444e-01,1.688242225750546943e-02,3.521937592615145274e-01
3.448085927372431247e-01,9.278341315013113322e-01,1.534173159249863083e-01,5.044754180936148469e-01,6.139429715315585234e-01,3.521937592615145274e-01,1.137637709961348831e-01
