2.134914370906908498e-01,5.763228375724736008e-01,8.420666067531514809e-01,6.244495874755154885e-01,5.782290079751487566e-01,5.557098034217284876e-01
5.763228375724736008e-01,3.908820470291172189e-01,8.177956852828089929e-01,3.331752055465673767e-01,2.736610505532323656e-01,1.970282066926100084e-01
8.420666067531514809e-01,8.177956852828089929e-01,6.886324379878653312e-01,8.398410421011368587e-01,2.480490766997170415e-01,6.103737200128025453e-01
6.244495874755154885e-01,3.331752055465673767e-01,8.398410421011368587e-01,5.726314748257536058e-01,2.958310438744820581e-01,6.473764650687553468e-01
5.782290079751487566e-01,2.736610505532323656e-01,2.480490766997170415e-01,2.958310438744820581e-01,4.131486215376900528e-01,7.746705275541605484e-01
5.557098034217284876e-01,1.970282066926100084e-01,6.103737200128025453e-01,6.473764650687553468e-01,7.746705275541605484e-01,6.197590380277030464e-01
