2.167180646774991004e-01,4.888308047412827650e-01,5.529723348904806990e-01,3.755035856644085013e-01,7.331803439752435647e-01,2.568375981172988376e-01
4.888308047412827650e-01,9.029228096605935727e-01,6.487364035174323362e-01,1.707322019471601560e-01,6.150778792044190313e-01,8.361092196756614303e-01
5.529723348904806990e-01,6.487364035174323362e-01,9.227796315972369712e-01,5.704712822091299040e-01,6.094054709615558396e-01,5.481141358332985991e-01
3.755035856644085013e-01,1.707322019471601560e-01,5.704712822091299040e-01,1.920973265986511969e-01,7.510806659273531194e-01,3.598657997699379885e-01
7.331803439752435647e-01,6.150778792044190313e-01,6.094054709615558396e-01,7.510806659273531194e-01,9.469516616594055858e-01,6.662616291954542858e-01
2.568375981172988376e-01,8.361092196756614303e-01,5.481141358332985991e-01,3.598657997699379885e-01,6.662616291954542858e-01,1.535870207942529042e-01
