8.498138696343319198e-01,2.357430521663120282e-01,8.893057038883451781e-01,5.490702678734860065e-02,7.222810081889774469e-01,6.456149460431639397e-01
2.357430521663120282e-01,3.427601856362092470e-01,6.100665410539884981e-01,1.803044754614666068e-01,8.203355047526517119e-02,7.340215683954005588e-01
8.893057038883451781e-01,6.100665410539884981e-01,7.314642593234431667e-01,6.210402535389286660e-01,5.607623992135064572e-01,9.028311571589324735e-01
5.490702678734860065e-02,1.803044754614666068e-01,6.210402535389286660e-01,1.908188967005158831e-01,5.638566388242411964e-01,7.581770842851938141e-01
7.222810081889774469e-01,8.203355047526517119e-02,5.607623992135064572e-01,5.638566388242411964e-01,9.556883463017272762e-01,8.785435878590979186e-01
6.456149460431639397e-01,7.340215683954005588e-01,9.028311571589324735e-01,7.581770842851938141e-01,8.785435878590979186e-01,5.339606612785762207e-01
