1.094129708722934025e-01,6.977083089537489125e-02,3.705514263331697866e-01,7.495604961868695959e-01,3.914763159740213272e-01,3.269158696271556308e-01
6.977083089537489125e-02,5.464005945032442968e-01,9.320992071628888542e-01,8.037875156553890843e-01,3.950317338470407669e-01,4.540895061817269429e-01
3.705514263331697866e-01,9.320992071628888542e-01,2.575067747087689263e-01,2.366232806600278571e-01,6.830328338181694825e-01,4.108048691142886510e-01
7.495604961868695959e-01,8.037875156553890843e-01,2.366232806600278571e-01,8.714465658698800077e-01,4.123476622798780689e-01,5.474680321759562984e-01
3.914763159740213272e-01,3.950317338470407669e-01,6.830328338181694825e-01,4.123476622798780689e-01,8.767790567040578686e-02,3.651991167233408220e-01
3.269158696271556308e-01,4.540895061817269429e-01,4.108048691142886510e-01,5.474680321759562984e-01,3.651991167233408220e-01,3.230451814411949840e-02
