3.091237183557520307e-01,4.923005208256955867e-01,8.234666281509444019e-01,8.221408090045096984e-01,5.100821178033053682e-01,5.986036648108808977e-01
4.923005208256955867e-01,4.940560484704905608e-01,5.881192208916216080e-01,8.830316332081320496e-01,4.613172835846541808e-01,5.133421647051263914e-01
8.234666281509444019e-01,5.881192208916216080e-01,3.283895647171365395e-01,4.855913733480466399e-01,3.410773987820731601e-01,5.613584400573187194e-01
8.221408090045096984e-01,8.830316332081320496e-01,4.855913733480466399e-01,3.214477504456161316e-01,1.803399378076624981e-01,2.450835971304936023e-01
5.100821178033053682e-01,4.613172835846541808e-01,3.410773987820731601e-01,1.803399378076624981e-01,7.854723275436306107e-01,6.203141972197168119e-01
5.986036648108808977e-01,5.133421647051263914e-01,5.613584400573187194e-01,2.450835971304936023e-01,6.203141972197168119e-01,6.701308463391166814e-01
