4.355827962528148189e-01,4.076272323682410548e-01,4.967382628836332636e-01,7.027335818485240804e-01,7.559220134581403627e-01,1.360975789428737759e-01
4.076272323682410548e-01,6.202775853993641730e-01,3.620868315202375176e-01,6.749336857588796867e-01,6.187305289157514210e-01,4.396022429978962420e-01
4.967382628836332636e-01,3.620868315202375176e-01,6.244523894606280878e-01,5.522720907949740798e-01,2.553674740992289971e-01,7.768752438104890023e-01
7.027335818485240804e-01,6.749336857588796867e-01,5.522720907949740798e-01,2.702848158947306345e-01,4.008672337417981124e-01,5.979143520423180203e-01
7.559220134581403627e-01,6.187305289157514210e-01,2.553674740992289971e-01,4.008672337417981124e-01,8.976681425862520491e-02,5.812548942324269330e-01
1.360975789428737759e-01,4.396022429978962420e-01,7.768752438104890023e-01,5.979143520423180203e-01,5.812548942324269330e-01,5.806317390993590566e-01
