5.999598627596139933e-01,4.016165459806931848e-01,1.466274074686433893e-01,2.694644266729060988e-01,7.797321323007151417e-01,4.279894285260469333e-01
4.016165459806931848e-01,6.189419237249045302e-01,3.659915477092856584e-01,5.461844340496067041e-01,5.601715228995194362e-01,6.587470882885517742e-01
1.466274074686433893e-01,3.659915477092856584e-01,9.700149211405116878e-01,6.107230097376300515e-01,4.395014115241956398e-01,4.745633446670827760e-01
2.694644266729060988e-01,5.461844340496067041e-01,6.107230097376300515e-01,1.057918858676345497e-01,4.482782195165657679e-01,2.433223047383923365e-01
7.797321323007151417e-01,5.601715228995194362e-01,4.395014115241956398e-01,4.482782195165657679e-01,3.001744743839522833e-01,3.799571710865099483e-01
4.279894285260469333e-01,6.587470882885517742e-01,4.745633446670827760e-01,2.433223047383923365e-01,3.799571710865099483e-01,9.934741170633947238e-01
