2.878305415307789161e-01,4.461648913227871383e-01,4.395545282100086770e-01,2.062485343840574914e-01,3.786796898768550190e-01,5.036123760777966307e-01
4.461648913227871383e-01,7.190187700820016570e-01,2.839753972762779077e-01,6.982945540679523777e-01,4.516093235657181459e-01,5.178608274853341298e-01
4.395545282100086770e-01,2.839753972762779077e-01,1.535390958234517100e-03,8.601667312789860187e-01,6.099766375672264207e-01,8.489345651800683790e-01
2.062485343840574914e-01,6.982945540679523777e-01,8.601667312789860187e-01,2.397559977034432466e-01,9.310130261748219560e-01,2.786138454759150007e-01
3.786796898768550190e-01,4.516093235657181459e-01,6.099766375672264207e-01,9.310130261748219560e-01,1.157529470494933488e-01,5.505198857938407020e-01
5.036123760777966307e-01,5.178608274853341298e-01,8.489345651800683790e-01,2.786138454759150007e-01,5.505198857938407020e-01,2.937339202391242576e-02
