2.221085250967407276e-01,8.151747133969372561e-01,3.921085921139377262e-01,6.196433447665166128e-01,3.632879200104194295e-01,2.641509092441780004e-01
8.151747133969372561e-01,3.693445127901122671e-01,3.410118158717665993e-01,6.511251132463051761e-01,8.190243454662876621e-02,3.280091848821080069e-01
3.921085921139377262e-01,3.410118158717665993e-01,4.711517070018691467e-01,4.654755090493212233e-02,4.606771515042543674e-01,1.425370247343007990e-01
6.196433447665166128e-01,6.511251132463051761e-01,4.654755090493212233e-02,5.684416022562437387e-01,3.791678353716520511e-01,3.704340207449338673e-01
3.632879200104194295e-01,8.190243454662876621e-02,4.606771515042543674e-01,3.791678353716520511e-01,1.771248838957152349e-01,6.245215355991049488e-01
2.641509092441780004e-01,3.280091848821080069e-01,1.425370247343007990e-01,3.704340207449338673e-01,6.245215355991049488e-01,8.345953850694032283e-03
