3.207684920446186583e-01,5.805065759022738359e-01,8.411119712431547324e-01,7.009461464023321042e-01,4.449163996804033627e-01,6.519705721393892484e-01
5.805065759022738359e-01,7.435989713457561434e-01,4.305277979123295906e-01,6.378102208331557499e-01,4.559283332555365553e-01,5.533181499090448208e-01
8.411119712431547324e-01,4.305277979123295906e-01,5.110818754241848172e-01,3.568580976486954714e-01,4.341427736120775926e-01,4.069970374576413197e-01
7.009461464023321042e-01,6.378102208331557499e-01,3.568580976486954714e-01,6.597030591210352179e-01,1.814271701931914893e-01,1.671413033362238454e-01
4.449163996804033627e-01,4.559283332555365553e-01,4.341427736120775926e-01,1.814271701931914893e-01,8.560042907852789540e-01,4.777145377048896413e-01
6.519705721393892484e-01,5.533181499090448208e-01,4.069970374576413197e-01,1.671413033362238454e-01,4.777145377048896413e-01,4.795774498683438303e-01
