8.922493878402306677e-01,6.517255631822551631e-01,4.357087097530608077e-01,4.109149411012431030e-01,7.354581874536483266e-01,4.362443445546953513e-01
6.517255631822551631e-01,7.846130552422342364e-01,2.552718091640589493e-01,7.054802778039219735e-01,2.621450586728656384e-01,2.456459571218297944e-01
4.357087097530608077e-01,2.552718091640589493e-01,1.195608554525503520e-01,2.436032338111915330e-01,1.999490717676240537e-01,1.660297006369902961e-01
4.109149411012431030e-01,7.054802778039219735e-01,2.436032338111915330e-01,5.620334330959733116e-01,8.728233001459553275e-01,7.828582817952295381e-01
7.354581874536483266e-01,2.621450586728656384e-01,1.999490717676240537e-01,8.728233001459553275e-01,3.209394295475653802e-01,6.437419290425840934e-01
4.362443445546953513e-01,2.456459571218297944e-01,1.660297006369902961e-01,7.828582817952295381e-01,6.437419290425840934e-01,3.359134904793015242e-01
