6.071500722036545783e-01,5.546303035955255645e-01,6.333519678327497182e-01,6.062064869157774982e-01,8.929093496273281527e-01,7.878348317907800658e-01
5.546303035955255645e-01,9.973476814376736055e-02,7.212573253877523349e-01,5.804610327275654402e-01,5.478789618446628928e-01,2.856705031706877063e-01
6.333519678327497182e-01,7.212573253877523349e-01,4.038389685707816090e-01,5.976555354027457412e-01,8.299542394214898255e-01,5.625418907005255154e-01
6.062064869157774982e-01,5.804610327275654402e-01,5.976555354027457412e-01,1.460693777481925082e-02,6.255262357971952403e-01,1.613547071811466393e-01
8.929093496273281527e-01,5.478789618446628928e-01,8.299542394214898255e-01,6.255262357971952403e-01,6.132361215565936829e-01,5.882112057678305916e-01
7.878348317907800658e-01,2.856705031706877063e-01,5.625418907005255154e-01,1.613547071811466393e-01,5.882112057678305916e-01,7.335600898112599744e-01
