7.085053357815718211e-01,4.154759839669153743e-01,5.561887486425185489e-01,6.119951177601489212e-01,6.849458962731042044e-01,5.516662807714070027e-01,2.567004103858609998e-01
4.154759839669153743e-01,8.576114764314067829e-01,7.702747155171367766e-01,6.623320635456171335e-01,6.303409229622043419e-01,5.896732397680810589e-01,2.321325139516229874e-01
5.561887486425185489e-01,7.702747155171367766e-01,4.862809678402882918e-01,7.363763353372225762e-01,8.508527415625398715e-01,4.468086874597330116e-01,4.746758199483325225e-01
6.119951177601489212e-01,6.623320635456171335e-01,7.363763353372225762e-01,8.082201330075128309e-01,1.892781319875520563e-01,7.816933006753592483e-01,2.464742258573413003e-01
6.849458962731042044e-01,6.303409229622043419e-01,8.508527415625398715e-01,1.892781319875520563e-01,8.124082635632338123e-01,5.901654834750642564e-01,7.520287498095253875e-01
5.516662807714070027e-01,5.896732397680810589e-01,4.468086874597330116e-01,7.816933006753592483e-01,5.901654834750642564e-01,6.243523344449118939e-01,7.805969445707344745e-02
2.567004103858609998e-01,2.321325139516229874e-01,4.746758199483325225e-01,2.464742258573413003e-01,7.520287498095253875e-01,7.805969445707344745e-02,9.238136175437575703e-01
