7.767179319458343834e-01,5.010011505722919978e-01,4.045747192889412869e-01,6.156613914540800536e-01,6.790342450593040979e-01,3.783714740805850796e-01
5.010011505722919978e-01,6.586003909958169089e-01,2.859054533097075135e-01,3.976295189885015180e-01,3.652963856223085948e-01,6.342332292239696301e-01
4.045747192889412869e-01,2.859054533097075135e-01,6.853896688255708414e-01,8.275562928585645794e-01,3.429602960607523454e-01,4.915000039944138477e-01
6.156613914540800536e-01,3.976295189885015180e-01,8.275562928585645794e-01,9.844552154264339938e-01,8.399332298515171935e-02,4.944062474019321751e-01
6.790342450593040979e-01,3.652963856223085948e-01,3.429602960607523454e-01,8.399332298515171935e-02,3.860478722760660730e-01,6.213091773007566321e-01
3.783714740805850796e-01,6.342332292239696301e-01,4.915000039944138477e-01,4.944062474019321751e-01,6.213091773007566321e-01,9.421037309045453556e-01
