3.093453132126997573e-01,4.404265088412692153e-01,8.258192052790032101e-01,8.233202887301132034e-01,4.219415874691676005e-01,3.530897805230800435e-01
4.404265088412692153e-01,3.561119863939659069e-01,5.162845981244644777e-01,3.097452277856395653e-01,7.209304068764681439e-01,3.626645147368868227e-01
8.258192052790032101e-01,5.162845981244644777e-01,3.899849427242214617e-01,9.371356472149228178e-02,6.324314090793422549e-01,2.275805806989754099e-01
8.233202887301132034e-01,3.097452277856395653e-01,9.371356472149228178e-02,8.491829634871417287e-02,2.440093460176785967e-01,3.412442890372240356e-01
4.219415874691676005e-01,7.209304068764681439e-01,6.324314090793422549e-01,2.440093460176785967e-01,5.624069032525094158e-01,1.301555424890468160e-01
3.530897805230800435e-01,3.626645147368868227e-01,2.275805806989754099e-01,3.412442890372240356e-01,1.301555424890468160e-01,6.003389477471230418e-01
