9.350719796549770146e-01,3.022177704721404345e-01,8.075306262924044631e-01,2.939992409653984784e-01,6.371958388672575024e-01,6.528259693021895016e-01
3.022177704721404345e-01,2.302258368835933267e-01,1.473768883350762282e-01,3.775502677109785488e-01,5.652994097501244930e-01,6.930902640802687475e-01
8.075306262924044631e-01,1.473768883350762282e-01,6.703819712333642933e-01,2.948553975855416898e-01,1.299861155018339764e-01,7.643723282658626550e-01
2.939992409653984784e-01,3.775502677109785488e-01,2.948553975855416898e-01,1.926271720221828243e-01,4.111223666235243601e-01,1.732028872352976423e-01
6.371958388672575024e-01,5.652994097501244930e-01,1.299861155018339764e-01,4.111223666235243601e-01,6.964412722646990961e-01,7.084102970904889718e-01
6.528259693021895016e-01,6.930902640802687475e-01,7.643723282658626550e-01,1.732028872352976423e-01,7.084102970904889718e-01,2.576457136512266821e-01
