1.769452858857606392e-01,4.857401057376834475e-01,4.147342205293217399e-01,2.364016483028453242e-01,5.972574935493821791e-01,6.453568736802572925e-01,1.745213657704983157e-01
4.857401057376834475e-01,1.739953782269165750e-02,3.173944322691266140e-01,2.826637220747842960e-01,5.113140913959173250e-01,2.864765607282179771e-01,4.054996764888832428e-01
4.147342205293217399e-01,3.173944322691266140e-01,6.293624932425857521e-01,5.197278497838120348e-01,3.347450249706353520e-01,5.952387080638998906e-01,7.243372698049610481e-01
2.364016483028453242e-01,2.826637220747842960e-01,5.197278497838120348e-01,9.016753439706145512e-01,4.361820474782532875e-01,2.015847641847500205e-01,4.132695950937729235e-01
5.972574935493821791e-01,5.113140913959173250e-01,3.347450249706353520e-01,4.361820474782532875e-01,3.372457260608460183e-01,4.591682206386111798e-01,4.926601447932848488e-01
6.453568736802572925e-01,2.864765607282179771e-01,5.952387080638998906e-01,2.015847641847500205e-01,4.591682206386111798e-01,2.172700769758065809e-01,6.633411912521702813e-01
1.745213657704983157e-01,4.054996764888832428e-01,7.243372698049610481e-01,4.132695950937729235e-01,4.926601447932848488e-01,6.633411912521702813e-01,9.742744959360160051e-01
