1.583233089323431431e-01,9.179846061404844937e-02,3.912177155042446675e-01,5.945621198684007958e-01,8.133414849023786752e-01,4.115540248282472113e-01
9.179846061404844937e-02,8.139114835155941696e-01,1.179505931122007967e-01,8.796211267342171070e-01,5.135436317269201911e-01,6.919725326579083680e-01
3.912177155042446675e-01,1.179505931122007967e-01,7.838519901996497952e-01,3.564050563131502258e-01,5.891154611768076865e-01,3.691544025769252224e-01
5.945621198684007958e-01,8.796211267342171070e-01,3.564050563131502258e-01,3.338614909985716528e-01,3.189103261538516199e-01,5.447304016544904925e-01
8.133414849023786752e-01,5.135436317269201911e-01,5.891154611768076865e-01,3.189103261538516199e-01,3.438489336822253550e-01,4.371078767916263819e-01
4.115540248282472113e-01,6.919725326579083680e-01,3.691544025769252224e-01,5.447304016544904925e-01,4.371078767916263819e-01,5.095588918136545464e-01
