8.783362567202852578e-01,8.095616210464524620e-01,8.386419933632491830e-01,4.537520375720749954e-01,7.041145598135389871e-01,3.714746938371141782e-01
8.095616210464524620e-01,4.446833406693423418e-01,9.474209553867036782e-01,7.283136008207906631e-01,6.204231589874104058e-01,5.253168408205967088e-01
8.386419933632491830e-01,9.474209553867036782e-01,5.237899730903794460e-02,4.658947084603822231e-01,6.250017528023457114e-01,8.660689196242904453e-01
4.537520375720749954e-01,7.283136008207906631e-01,4.658947084603822231e-01,2.726302819491928098e-01,5.871561453272688968e-01,2.209494167386863439e-01
7.041145598135389871e-01,6.204231589874104058e-01,6.250017528023457114e-01,5.871561453272688968e-01,2.349607039205333647e-01,6.414480855394590897e-01
3.714746938371141782e-01,5.253168408205967088e-01,8.660689196242904453e-01,2.209494167386863439e-01,6.414480855394590897e-01,1.884741606613471454e-01
