5.365443896009755020e-01,2.655478671311917727e-01,2.364301812463580621e-01,4.027408877876192395e-01,2.438118102966193024e-01,8.920605343210925575e-01
2.655478671311917727e-01,9.284550560151262344e-01,5.081760387632401343e-01,2.210171549613286213e-01,1.828530303415831226e-01,5.200272271336694452e-01
2.364301812463580621e-01,5.081760387632401343e-01,7.138253131866225676e-01,4.535655323809280048e-01,3.190314398625847536e-01,6.264745415978700827e-01
4.027408877876192395e-01,2.210171549613286213e-01,4.535655323809280048e-01,4.575597869468334133e-01,4.373181000685789632e-01,3.707504330163503004e-01
2.438118102966193024e-01,1.828530303415831226e-01,3.190314398625847536e-01,4.373181000685789632e-01,9.650481361373023370e-01,2.973392054877212476e-01
8.920605343210925575e-01,5.200272271336694452e-01,6.264745415978700827e-01,3.707504330163503004e-01,2.973392054877212476e-01,9.545549922267994036e-01
