6.010579657511150309e-02,6.815261535849435059e-01,3.521275214542530785e-01,3.815197291475186381e-01,8.682354939529224325e-02,1.614565941245834080e-01
6.815261535849435059e-01,7.027311780278840958e-01,2.626716299529981979e-01,4.031270628568373038e-01,4.301565514989264538e-01,7.087708189742287779e-01
3.521275214542530785e-01,2.626716299529981979e-01,1.214114870278243385e-01,1.542016883623533730e-01,2.684611283832754047e-01,4.811900159980442293e-01
3.815197291475186381e-01,4.031270628568373038e-01,1.542016883623533730e-01,6.960415128199737289e-02,6.882171996296368999e-01,9.248872565200649820e-01
8.682354939529224325e-02,4.301565514989264538e-01,2.684611283832754047e-01,6.882171996296368999e-01,3.228340023747502396e-01,7.056494052724195942e-01
1.614565941245834080e-01,7.087708189742287779e-01,4.811900159980442293e-01,9.248872565200649820e-01,7.056494052724195942e-01,2.155789105773964209e-02
