7.902440175251016496e-01,7.830014472267491366e-01,7.832875882151568714e-01,6.201371262755432934e-01,5.462359536089282930e-01,7.332314136291391282e-01
7.830014472267491366e-01,2.706918566463435427e-01,7.480788641282578588e-01,4.814180295626899198e-01,4.230011580266471727e-01,7.752998168820326441e-01
7.832875882151568714e-01,7.480788641282578588e-01,3.004940084952570922e-01,2.864892812140521494e-01,2.203336700749152222e-01,8.494115647685982484e-01
6.201371262755432934e-01,4.814180295626899198e-01,2.864892812140521494e-01,6.448722125743570066e-01,7.127230519947920229e-01,7.581773797506650148e-01
5.462359536089282930e-01,4.230011580266471727e-01,2.203336700749152222e-01,7.127230519947920229e-01,5.836352590708673294e-01,4.068596709972307490e-01
7.332314136291391282e-01,7.752998168820326441e-01,8.494115647685982484e-01,7.581773797506650148e-01,4.068596709972307490e-01,5.342054309418382552e-01
