3.201777694938812147e-02,5.313899872277427772e-01,3.987550306574863535e-01,6.551600887099982007e-01,4.598122605925176187e-01,5.606136944123787380e-01,4.431930954424050939e-01
5.313899872277427772e-01,9.912207026406725241e-01,6.937224566962648664e-01,6.344830296538102044e-01,3.119697088937772311e-01,5.153072626736201478e-01,4.456695670794609265e-01
3.987550306574863535e-01,6.937224566962648664e-01,9.906630762937513879e-01,2.222662012548705657e-01,5.014874346424897933e-01,4.162518008083821441e-01,3.951989291833296059e-01
6.551600887099982007e-01,6.344830296538102044e-01,2.222662012548705657e-01,8.298880221160674919e-01,5.276185819147096723e-01,2.682947131307535926e-01,6.787138992659740300e-01
4.598122605925176187e-01,3.119697088937772311e-01,5.014874346424897933e-01,5.276185819147096723e-01,8.423636782777669252e-01,7.312398215437383442e-01,4.631522492056958651e-01
5.606136944123787380e-01,5.153072626736201478e-01,4.162518008083821441e-01,2.682947131307535926e-01,7.312398215437383442e-01,4.519805678226526124e-01,3.972299415431839176e-01
4.431930954424050939e-01,4.456695670794609265e-01,3.951989291833296059e-01,6.787138992659740300e-01,4.631522492056958651e-01,3.972299415431839176e-01,5.202167057028928010e-02
