5.171118045196789748e-01,1.653937112740150317e-01,8.346936371846969127e-01,2.764038202869359973e-01,8.441287498712530812e-01,9.343823746390416130e-01
1.653937112740150317e-01,9.230220544518290549e-01,4.706017141972769768e-01,4.271950227804550138e-01,5.805560025328346807e-01,3.461405384014867859e-01
8.346936371846969127e-01,4.706017141972769768e-01,6.542909650453822001e-01,8.712414841390148101e-01,5.530391212921541566e-01,3.485632381583284034e-01
2.764038202869359973e-01,4.271950227804550138e-01,8.712414841390148101e-01,1.975109333385722810e-01,5.986502237022067741e-01,5.876632506042387405e-01
8.441287498712530812e-01,5.805560025328346807e-01,5.530391212921541566e-01,5.986502237022067741e-01,2.462735465191102646e-01,6.336875024683878976e-01
9.343823746390416130e-01,3.461405384014867859e-01,3.485632381583284034e-01,5.876632506042387405e-01,6.336875024683878976e-01,7.794221864822677981e-01
