8.854412948434111641e-01,5.393733329968157797e-01,8.211867921118732871e-01,3.023255807257472227e-01,4.488940994202504919e-01,2.514688648609140209e-01
5.393733329968157797e-01,4.813470790656815268e-02,3.773296403690067913e-01,8.515581080270266945e-01,4.859136205066726943e-01,3.309829004039708256e-01
8.211867921118732871e-01,3.773296403690067913e-01,3.116545464938879073e-01,4.961303063212161302e-01,4.425847285608993653e-01,6.291173820725748378e-01
3.023255807257472227e-01,8.515581080270266945e-01,4.961303063212161302e-01,8.024293539146418741e-01,2.387834474287210962e-01,2.832876033133742699e-01
4.488940994202504919e-01,4.859136205066726943e-01,4.425847285608993653e-01,2.387834474287210962e-01,5.389453412605549332e-02,3.885233277517333161e-01
2.514688648609140209e-01,3.309829004039708256e-01,6.291173820725748378e-01,2.832876033133742699e-01,3.885233277517333161e-01,8.310179525148556623e-01
