6.777961669478980156e-01,7.489891991026290663e-01,8.507126895842953562e-01,4.670047480448215604e-01,1.791152660189433976e-01,4.810125719985896553e-01
7.489891991026290663e-01,4.770240208236332657e-01,5.616361732481071067e-01,3.577287243323731825e-01,8.830709035084605141e-01,8.369083522419433763e-01
8.507126895842953562e-01,5.616361732481071067e-01,5.634824979743814355e-01,8.615582776586272473e-01,4.286408007392165098e-01,4.246651602697292249e-01
4.670047480448215604e-01,3.577287243323731825e-01,8.615582776586272473e-01,7.954481729914391064e-01,5.371713693944828449e-01,5.904664005741675492e-01
1.791152660189433976e-01,8.830709035084605141e-01,4.286408007392165098e-01,5.371713693944828449e-01,9.949953803242558292e-01,3.962881950050000657e-01
4.810125719985896553e-01,8.369083522419433763e-01,4.246651602697292249e-01,5.904664005741675492e-01,3.962881950050000657e-01,6.175390139396987887e-01
