9.727497749871573118e-01,2.193811207727162094e-01,5.966657453207224737e-01,5.435366570447239809e-01,3.554347431406881253e-01,8.260675656275784373e-01
2.193811207727162094e-01,6.651181882159188374e-01,2.410028916297354828e-01,3.222712881657632256e-01,1.943673266347186734e-01,7.928676808073866766e-01
5.966657453207224737e-01,2.410028916297354828e-01,8.259361467349823904e-01,1.729876871682468065e-01,4.601529774467683076e-01,6.219497871887000873e-01
5.435366570447239809e-01,3.222712881657632256e-01,1.729876871682468065e-01,5.707749907189744176e-01,4.286808759397648383e-01,5.406333159302694202e-01
3.554347431406881253e-01,1.943673266347186734e-01,4.601529774467683076e-01,4.286808759397648383e-01,3.438666977831909000e-01,5.454764819688623367e-01
8.260675656275784373e-01,7.928676808073866766e-01,6.219497871887000873e-01,5.406333159302694202e-01,5.454764819688623367e-01,4.427230529979284679e-01
