5.276292008592229354e-01,2.563355770444162296e-01,7.433831065613050182e-01,6.575474118571609239e-01,4.711632751934867192e-01,5.579915582470778013e-01
2.563355770444162296e-01,7.131866338896619695e-02,2.065155692323958903e-01,1.716680922186853975e-01,7.634939788410508577e-01,1.595108398659715321e-01
7.433831065613050182e-01,2.065155692323958903e-01,3.828954667437584058e-01,5.161209975036422648e-01,4.017396026497473960e-01,6.103864942409154004e-01
6.575474118571609239e-01,1.716680922186853975e-01,5.161209975036422648e-01,8.889597159200499643e-01,3.469110234341254428e-01,5.752245727136204856e-01
4.711632751934867192e-01,7.634939788410508577e-01,4.017396026497473960e-01,3.469110234341254428e-01,6.656462688581900045e-01,4.823564012115009181e-01
5.579915582470778013e-01,1.595108398659715321e-01,6.103864942409154004e-01,5.752245727136204856e-01,4.823564012115009181e-01,3.913862142301177682e-01
