6.858826722681576893e-02,3.593320587562574553e-01,5.725316906700668174e-01,2.739338132755506083e-01,6.839349306845305954e-01,4.206527715271866086e-01
3.593320587562574553e-01,4.854699832812314764e-02,2.921785912695537557e-01,8.847540915267971817e-01,3.344935013549217295e-01,3.167761378263306282e-01
5.725316906700668174e-01,2.921785912695537557e-01,2.884121784039153091e-01,3.067595327480572287e-01,9.514341346289441059e-01,1.532381549364109086e-02
2.739338132755506083e-01,8.847540915267971817e-01,3.067595327480572287e-01,9.290877371567186627e-01,4.501155274125490657e-01,3.995632322938555969e-01
6.839349306845305954e-01,3.344935013549217295e-01,9.514341346289441059e-01,4.501155274125490657e-01,4.244237772502090777e-01,6.702073842540481330e-01
4.206527715271866086e-01,3.167761378263306282e-01,1.532381549364109086e-02,3.995632322938555969e-01,6.702073842540481330e-01,8.396646196481387658e-01
