6.352535500533067481e-01,6.768298336257576597e-01,5.854343489107023402e-01,5.226349043406395278e-01,4.289077999761478077e-01,5.330715808892718677e-01
6.768298336257576597e-01,1.362496531114540943e-01,3.053527511742733513e-01,9.298164971402514967e-01,3.751315381889676059e-01,6.113006247755343736e-01
5.854343489107023402e-01,3.053527511742733513e-01,4.693032457955149672e-01,5.313990913996374799e-01,3.803889651014934481e-01,1.061499836084991988e-01
5.226349043406395278e-01,9.298164971402514967e-01,5.313990913996374799e-01,1.728889104097626195e-01,4.087379975803337451e-01,7.715103232391162802e-01
4.289077999761478077e-01,3.751315381889676059e-01,3.803889651014934481e-01,4.087379975803337451e-01,6.011189174193746210e-01,4.091124683213421820e-01
5.330715808892718677e-01,6.113006247755343736e-01,1.061499836084991988e-01,7.715103232391162802e-01,4.091124683213421820e-01,1.320406593186734812e-01
