7.517807365868572900e-01,1.769974891642236980e-01,3.499163505448724676e-01,1.275613931591151329e-01,5.651961158221607828e-01,7.896319062739300954e-01
1.769974891642236980e-01,8.320881744139302372e-01,5.063578229504086536e-01,4.473253598230988448e-01,3.431989947886269210e-01,4.945824579631085127e-01
3.499163505448724676e-01,5.063578229504086536e-01,7.020196292635239033e-01,5.855051491879176284e-01,1.827559257767425449e-01,1.325900585314265800e-01
1.275613931591151329e-01,4.473253598230988448e-01,5.855051491879176284e-01,1.086236881675882726e-01,3.378322173252018557e-01,6.781272276858432146e-01
5.651961158221607828e-01,3.431989947886269210e-01,1.827559257767425449e-01,3.378322173252018557e-01,5.376405340591299264e-01,4.064129864710525619e-01
7.896319062739300954e-01,4.945824579631085127e-01,1.325900585314265800e-01,6.781272276858432146e-01,4.064129864710525619e-01,4.562097005725970211e-01
