1.762231137132918013e-01,7.138325039741929556e-01,6.485009509833121744e-01,2.563851541303628356e-01,5.718235128959612279e-01,1.839619459014353864e-01
7.138325039741929556e-01,7.996070328638268387e-01,5.889109772688267963e-01,4.429733549702157269e-01,2.948789179475689304e-01,5.212947249709012354e-01
6.485009509833121744e-01,5.889109772688267963e-01,2.028016427154573087e-01,2.997019870101738648e-01,6.311688586335015838e-01,4.987008383277141133e-01
2.563851541303628356e-01,4.429733549702157269e-01,2.997019870101738648e-01,9.554579179300386471e-01,5.196896190769277890e-01,2.220154057752825594e-01
5.718235128959612279e-01,2.948789179475689304e-01,6.311688586335015838e-01,5.196896190769277890e-01,3.415849980864484881e-01,5.803998082978047979e-01
1.839619459014353864e-01,5.212947249709012354e-01,4.987008383277141133e-01,2.220154057752825594e-01,5.803998082978047979e-01,5.799209144538791660e-01
