9.279334976970357030e-01,5.722792466861135185e-01,1.207766294715398314e-01,5.623817342289308963e-01,4.549145005055595381e-01,5.526473047982736198e-01
5.722792466861135185e-01,8.898183611865483345e-01,3.328463758197277578e-01,4.843418914577549139e-01,6.810799984528934647e-01,8.569870791550144862e-01
1.207766294715398314e-01,3.328463758197277578e-01,9.102042295820457207e-01,4.204935857443786729e-01,8.081635679420923202e-01,6.851382230392296657e-01
5.623817342289308963e-01,4.843418914577549139e-01,4.204935857443786729e-01,1.486863228400202575e-01,2.299280661312527174e-01,2.491705068489708519e-01
4.549145005055595381e-01,6.810799984528934647e-01,8.081635679420923202e-01,2.299280661312527174e-01,5.114074471557255031e-01,9.389571870274950882e-01
5.526473047982736198e-01,8.569870791550144862e-01,6.851382230392296657e-01,2.491705068489708519e-01,9.389571870274950882e-01,4.864563812582356483e-01
